t358,SendDistance,87292260,87303428,11168
t421,RecvInput,87458772,87458796,24
t359,SendDistance,87510056,87521320,11264
t422,RecvInput,87663904,87663932,28
t360,SendDistance,87732280,87743348,11068
t423,RecvInput,87869012,87869036,24
t361,SendDistance,87954472,87964568,10096
t424,RecvInput,88074116,88074144,28
t362,SendDistance,88176684,88186764,10080
t425,RecvInput,88279252,88279276,24
t363,SendDistance,88398900,88408932,10032
t426,RecvInput,88484360,88484384,24
t364,SendDistance,88621092,88631128,10036
t427,RecvInput,88689456,88689480,24
t365,SendDistance,88843304,88853376,10072
t428,RecvInput,88894588,88894616,28
t429,RecvInput,89099704,89099728,24
t366,SendDistance,89138288,89148372,10084
t430,RecvInput,89304792,89304816,24
t367,SendDistance,89356076,89366228,10152
t431,RecvInput,89509928,89509952,24
t368,SendDistance,89578304,89588436,10132
t432,RecvInput,89715040,89715068,28
t369,SendDistance,89800500,89810660,10160
t433,RecvInput,89920140,89920164,24
t370,SendDistance,90022700,90033764,11064
t434,RecvInput,90125268,90125292,24
t371,SendDistance,90244928,90255076,10148
t435,RecvInput,90330388,90330412,24
t372,SendDistance,90467116,90477232,10116
t436,RecvInput,90535484,90535512,28
t373,SendDistance,90689320,90699364,10044
t437,RecvInput,90740612,90740636,24
t438,RecvInput,90945748,90945772,24
t374,SendDistance,90984340,90994504,10164
t439,RecvInput,91150832,91150860,28
t375,SendDistance,91202108,91212200,10092
t440,RecvInput,91355956,91355980,24
t376,SendDistance,91424336,91434384,10048
t441,RecvInput,91561088,91561116,28
t377,SendDistance,91646544,91656672,10128
t442,RecvInput,91766188,91766212,24
t378,SendDistance,91868736,91878856,10120
t443,RecvInput,91971304,91971328,24
t379,SendDistance,92090968,92101140,10172
t444,RecvInput,92176440,92176468,28
t380,SendDistance,92313172,92323272,10100
t445,RecvInput,92381540,92381568,28
t381,SendDistance,92535368,92545468,10100
t446,RecvInput,92586656,92586680,24
t447,RecvInput,92791804,92791836,32
t382,SendDistance,92830404,92840528,10124
t448,RecvInput,92996896,92996924,28
t383,SendDistance,93048172,93058268,10096
t449,RecvInput,93202012,93202036,24
t384,SendDistance,93270388,93280516,10128
t450,RecvInput,93407144,93407168,24
t385,SendDistance,93492608,93502684,10076
t451,RecvInput,93612248,93612272,24
t386,SendDistance,93714796,93724892,10096
t452,RecvInput,93817348,93817372,24
t387,SendDistance,93937008,93947052,10044
t453,RecvInput,94022484,94022508,24
t388,SendDistance,94159224,94169352,10128
t454,RecvInput,94227592,94227616,24
t389,SendDistance,94381412,94391508,10096
t455,RecvInput,94432688,94432712,24
t456,RecvInput,94637828,94637856,28
t390,SendDistance,94676416,94686556,10140
t457,RecvInput,94842936,94842960,24
t391,SendDistance,94894208,94904372,10164
t458,RecvInput,95048028,95048052,24
t392,SendDistance,95116400,95126532,10132
t459,RecvInput,95253156,95253184,28
t393,SendDistance,95338628,95348764,10136
t460,RecvInput,95458276,95458300,24
t394,SendDistance,95560824,95571012,10188
t461,RecvInput,95663372,95663396,24
t395,SendDistance,95783020,95793180,10160
t462,RecvInput,95868496,95868520,24
t396,SendDistance,96005248,96015416,10168
t463,RecvInput,96073620,96073644,24
t397,SendDistance,96227436,96237576,10140
t464,RecvInput,96278712,96278736,24
t465,RecvInput,96483844,96483868,24
t398,SendDistance,96522432,96532516,10084
t466,RecvInput,96688960,96688984,24
t399,SendDistance,96740236,96750408,10172
t467,RecvInput,96894052,96894076,24
t400,SendDistance,96962416,96972552,10136
t468,RecvInput,97099164,97099188,24
t401,SendDistance,97184640,97194764,10124
t469,RecvInput,97304296,97304324,28
t2,SendWeatherData,97342888,97379216,36328
t402,SendDistance,97406840,97430308,23468
t470,RecvInput,97509392,97509416,24
t403,SendDistance,97629024,97639140,10116
t471,RecvInput,97714496,97714524,28
t404,SendDistance,97851252,97861388,10136
t472,RecvInput,97919632,97919656,24
t405,SendDistance,98073452,98084416,10964
t473,RecvInput,98124728,98124752,24
t474,RecvInput,98329840,98329864,24
t406,SendDistance,98368432,98378544,10112
t475,RecvInput,98534964,98534988,24
t407,SendDistance,98586244,98596384,10140
t476,RecvInput,98740068,98740092,24
t408,SendDistance,98808432,98818500,10068
t477,RecvInput,98945172,98945200,28
t409,SendDistance,99030644,99040736,10092
t478,RecvInput,99150308,99150332,24
t410,SendDistance,99252864,99263064,10200
t479,RecvInput,99355416,99355440,24
t411,SendDistance,99475052,99486144,11092
t480,RecvInput,99560516,99560540,24
t412,SendDistance,99697268,99708456,11188
t481,RecvInput,99765648,99765672,24
t413,SendDistance,99919480,99929612,10132
t482,RecvInput,99970760,99970784,24
t483,RecvInput,100175860,100175892,32
t414,SendDistance,100216536,100227544,11008
t484,RecvInput,100380980,100381008,28
t415,SendDistance,100432268,100443412,11144
t485,RecvInput,100586100,100586124,24
t416,SendDistance,100654464,100664540,10076
t486,RecvInput,100791196,100791220,24
t417,SendDistance,100876660,100886724,10064
t487,RecvInput,100996320,100996344,24
t418,SendDistance,101098884,101108944,10060
t488,RecvInput,101201440,101201468,28
t419,SendDistance,101321076,101331140,10064
t489,RecvInput,101406532,101406560,28
t420,SendDistance,101543272,101553352,10080
t490,RecvInput,101611656,101611680,24
t421,SendDistance,101765500,101775572,10072
t491,RecvInput,101816772,101816800,28
t492,RecvInput,102021872,102021896,24
t422,SendDistance,102062536,102072636,10100
t493,RecvInput,102226980,102227004,24
t423,SendDistance,102278260,102288372,10112
t494,RecvInput,102432100,102432128,28
t424,SendDistance,102500464,102510528,10064
t495,RecvInput,102637196,102637220,24
t425,SendDistance,102722652,102732816,10164
t496,RecvInput,102842312,102842340,28
t426,SendDistance,102944876,102955076,10200
t497,RecvInput,103047444,103047472,28
t427,SendDistance,103167080,103177260,10180
t498,RecvInput,103252540,103252564,24
t428,SendDistance,103389268,103399456,10188
t499,RecvInput,103457648,103457676,28
t429,SendDistance,103611496,103621676,10180
t500,RecvInput,103662780,103662808,28
t501,RecvInput,103867888,103867912,24
t430,SendDistance,103908548,103918780,10232
t502,RecvInput,104072980,104073004,24
t431,SendDistance,104124264,104134500,10236
t503,RecvInput,104278108,104278136,28
t432,SendDistance,104346484,104356724,10240
t504,RecvInput,104483212,104483240,28
t433,SendDistance,104568668,104578852,10184
t505,RecvInput,104688316,104688340,24
t434,SendDistance,104790876,104801064,10188
t506,RecvInput,104893452,104893480,28
t435,SendDistance,105013096,105023336,10240
t507,RecvInput,105098556,105098584,28
t436,SendDistance,105235284,105245468,10184
t508,RecvInput,105303652,105303680,28
t437,SendDistance,105457500,105473320,15820
t509,RecvInput,105508788,105508812,24
t510,RecvInput,105730996,105731024,28
t438,SendDistance,105771672,105787540,15868
t511,RecvInput,105936080,105936108,28
t439,SendDistance,106004456,106014796,10340
t512,RecvInput,106141212,106141236,24
t440,SendDistance,106226684,106237356,10672
t513,RecvInput,106346328,106346356,28
t441,SendDistance,106448876,106459552,10676
t514,RecvInput,106551420,106551448,28
t442,SendDistance,106671076,106681824,10748
t515,RecvInput,106756552,106756576,24
t443,SendDistance,106893304,106903944,10640
t516,RecvInput,106961672,106961696,24
t444,SendDistance,107115488,107126088,10600
t517,RecvInput,107166764,107166788,24
t518,RecvInput,107371892,107371920,28
t445,SendDistance,107412556,107423252,10696
t519,RecvInput,107577004,107577032,28
t446,SendDistance,107628280,107639340,11060
t520,RecvInput,107782100,107782124,24
t447,SendDistance,107850464,107861924,11460
t521,RecvInput,107987216,107987240,24
t448,SendDistance,108072684,108083720,11036
t522,RecvInput,108192340,108192364,24
t449,SendDistance,108294884,108305952,11068
t523,RecvInput,108397436,108397460,24
t450,SendDistance,108517072,108528188,11116
t524,RecvInput,108602544,108602572,28
t451,SendDistance,108739296,108750384,11088
t525,RecvInput,108807676,108807704,28
t452,SendDistance,108961496,108972464,10968
t526,RecvInput,109012772,109012800,28
t527,RecvInput,109217892,109217916,24
t453,SendDistance,109258556,109269228,10672
t528,RecvInput,109423012,109423040,28
t454,SendDistance,109474292,109485236,10944
t529,RecvInput,109628116,109628140,24
t455,SendDistance,109696480,109707108,10628
t530,RecvInput,109833228,109833252,24
t456,SendDistance,109918692,109929252,10560
t531,RecvInput,110038348,110038376,28
t457,SendDistance,110140904,110152072,11168
t532,RecvInput,110243452,110243480,28
t458,SendDistance,110363088,110373408,10320
t533,RecvInput,110448552,110448580,28
t459,SendDistance,110585304,110595708,10404
t534,RecvInput,110653684,110653712,28
t460,SendDistance,110807512,110817708,10196
t535,RecvInput,110858788,110858812,24
t536,RecvInput,111063892,111063916,24
t461,SendDistance,111104556,111114772,10216
t537,RecvInput,111269008,111269036,28
t462,SendDistance,111320292,111330496,10204
t538,RecvInput,111474120,111474148,28
t463,SendDistance,111542484,111552676,10192
t539,RecvInput,111679212,111679240,28
t464,SendDistance,111764676,111774888,10212
t540,RecvInput,111884332,111884356,24
t465,SendDistance,111986892,111997068,10176
t541,RecvInput,112089444,112089468,24
t466,SendDistance,112209080,112219292,10212
t542,RecvInput,112294536,112294560,24
t467,SendDistance,112431272,112441476,10204
t543,RecvInput,112499652,112499676,24
t468,SendDistance,112653488,112663696,10208
t544,RecvInput,112704764,112704788,24
t545,RecvInput,112909864,112909888,24
t469,SendDistance,112950532,112960760,10228
t546,RecvInput,113114972,113115000,28
t470,SendDistance,113166256,113176520,10264
t547,RecvInput,113320096,113320120,24
t471,SendDistance,113388460,113398676,10216
t548,RecvInput,113525188,113525212,24
t472,SendDistance,113610644,113620940,10296
t549,RecvInput,113730296,113730324,28
t473,SendDistance,113832860,113843212,10352
t550,RecvInput,113935424,113935448,24
t474,SendDistance,114055060,114065420,10360
t551,RecvInput,114140516,114140544,28
t475,SendDistance,114277248,114287488,10240
t552,RecvInput,114345628,114345652,24
t476,SendDistance,114499472,114509604,10132
t553,RecvInput,114550756,114550784,28
t554,RecvInput,114755856,114755884,28
t477,SendDistance,114796532,114806540,10008
t555,RecvInput,114960952,114960976,24
t478,SendDistance,115012236,115022300,10064
t556,RecvInput,115166080,115166104,24
t479,SendDistance,115234452,115244536,10084
t557,RecvInput,115371184,115371212,28
t480,SendDistance,115456640,115466796,10156
t558,RecvInput,115576284,115576312,28
t481,SendDistance,115678848,115689096,10248
t559,RecvInput,115781412,115781440,28
t482,SendDistance,115901060,115912200,11140
t560,RecvInput,115986516,115986540,24
t483,SendDistance,116123240,116133644,10404
t561,RecvInput,116191612,116191636,24
t484,SendDistance,116345456,116355864,10408
t562,RecvInput,116396744,116396768,24
t563,RecvInput,116601864,116601892,28
t485,SendDistance,116642532,116652916,10384
t564,RecvInput,116806944,116806968,24
t486,SendDistance,116858224,116868612,10388
t565,RecvInput,117012064,117012092,28
t487,SendDistance,117080440,117090780,10340
t566,RecvInput,117217176,117217204,28
t488,SendDistance,117302628,117312952,10324
t567,RecvInput,117422268,117422292,24
t489,SendDistance,117524820,117535188,10368
t568,RecvInput,117627388,117627412,24
t490,SendDistance,117747044,117758200,11156
t569,RecvInput,117832500,117832524,24
t491,SendDistance,117969224,117979396,10172
t570,RecvInput,118037592,118037620,28
t492,SendDistance,118191424,118202516,11092
t571,RecvInput,118242712,118242740,28
t572,RecvInput,118447840,118447864,24
t493,SendDistance,118488504,118499616,11112
t573,RecvInput,118652924,118652956,32
t494,SendDistance,118704196,118715300,11104
t574,RecvInput,118858044,118858072,28
t495,SendDistance,118926424,118936404,9980
t575,RecvInput,119063180,119063204,24
t496,SendDistance,119148632,119158836,10204
t576,RecvInput,119268272,119268296,24
t497,SendDistance,119370816,119381172,10356
t577,RecvInput,119473380,119473404,24
t498,SendDistance,119593036,119603592,10556
t578,RecvInput,119678508,119678532,24
t499,SendDistance,119815232,119831104,15872
t579,RecvInput,119883596,119883624,28
t500,SendDistance,120037420,120048464,11044
t580,RecvInput,120088704,120088732,28
t581,RecvInput,120293840,120293864,24
t501,SendDistance,120334504,120350348,15844
t582,RecvInput,120498928,120498952,24
t502,SendDistance,120567292,120583128,15836
t583,RecvInput,120704032,120704056,24
t503,SendDistance,120789496,120805284,15788
t584,RecvInput,120909152,120909176,24
t504,SendDistance,121011708,121027520,15812
t585,RecvInput,121114256,121114280,24
t505,SendDistance,121233892,121249756,15864
t586,RecvInput,121319352,121319376,24
t506,SendDistance,121456096,121471832,15736
t587,RecvInput,121524476,121524500,24
t507,SendDistance,121678304,121694148,15844
t588,RecvInput,121729580,121729604,24
t589,RecvInput,121951776,121951804,28
t508,SendDistance,121992448,122003612,11164
t590,RecvInput,122156892,122156920,28
t509,SendDistance,122208176,122219348,11172
t591,RecvInput,122362000,122362024,24
t510,SendDistance,122430364,122446224,15860
t592,RecvInput,122567092,122567116,24
t511,SendDistance,122652556,122668444,15888
t593,RecvInput,122772212,122772236,24
t512,SendDistance,122874772,122885492,10720
t594,RecvInput,122977320,122977344,24
t513,SendDistance,123096952,123112784,15832
t595,RecvInput,123182404,123182428,24
t514,SendDistance,123319144,123330352,11208
t596,RecvInput,123387524,123387548,24
t515,SendDistance,123541360,123557176,15816
t597,RecvInput,123592632,123592660,28
t598,RecvInput,123814824,123814848,24
t516,SendDistance,123855488,123866964,11476
t599,RecvInput,124019932,124019956,24
t517,SendDistance,124071212,124082376,11164
t600,RecvInput,124225052,124225076,24
t518,SendDistance,124293416,124304532,11116
t601,RecvInput,124430144,124430172,28
t519,SendDistance,124515604,124526936,11332
t602,RecvInput,124635264,124635288,24
t520,SendDistance,124737828,124753696,15868
t603,RecvInput,124840392,124840416,24
t521,SendDistance,124960024,124971084,11060
t604,RecvInput,125045480,125045508,28
t522,SendDistance,125182216,125198088,15872
t605,RecvInput,125250600,125250624,24
t523,SendDistance,125404432,125420272,15840
t606,RecvInput,125455716,125455740,24
t607,RecvInput,125677908,125677932,24
t524,SendDistance,125718576,125734392,15816
t608,RecvInput,125883012,125883040,28
t525,SendDistance,125951388,125962968,11580
t609,RecvInput,126088136,126088164,28
t526,SendDistance,126173592,126189404,15812
t610,RecvInput,126293228,126293252,24
t527,SendDistance,126395772,126411664,15892
t611,RecvInput,126498336,126498364,28
t528,SendDistance,126617996,126629104,11108
t612,RecvInput,126703464,126703488,24
t529,SendDistance,126840192,126851284,11092
t613,RecvInput,126908560,126908588,28
t530,SendDistance,127062380,127073468,11088
t614,RecvInput,127113664,127113688,24
t615,RecvInput,127318796,127318820,24
t531,SendDistance,127359456,127370700,11244
t616,RecvInput,127523884,127523908,24
t532,SendDistance,127575156,127586268,11112
t617,RecvInput,127728984,127729008,24
t533,SendDistance,127797356,127808448,11092
t618,RecvInput,127934104,127934132,28
t534,SendDistance,128019568,128035340,15772
t619,RecvInput,128139208,128139232,24
t535,SendDistance,128241752,128257640,15888
t620,RecvInput,128344300,128344324,24
t536,SendDistance,128463956,128479796,15840
t621,RecvInput,128549428,128549456,28
t537,SendDistance,128686168,128701964,15796
t622,RecvInput,128754536,128754564,28
t538,SendDistance,128908352,128924160,15808
t623,RecvInput,128959632,128959656,24
t624,RecvInput,129181864,129181888,24
t539,SendDistance,129222528,129238396,15868
t625,RecvInput,129386968,129386992,24
t3,SendWeatherData,129369876,129444068,74192
t540,SendDistance,129455332,129497240,41908
t626,RecvInput,129592060,129592084,24
t541,SendDistance,129711716,129722740,11024
t627,RecvInput,129797188,129797216,28
t542,SendDistance,129933936,129944856,10920
t628,RecvInput,130002304,130002332,28
t543,SendDistance,130156124,130172020,15896
t629,RecvInput,130207408,130207436,28
t630,RecvInput,130429628,130429652,24
t544,SendDistance,130470292,130481340,11048
t631,RecvInput,130634736,130634764,28
t545,SendDistance,130686008,130697152,11144
t632,RecvInput,130839832,130839856,24
t546,SendDistance,130908200,130919140,10940
t633,RecvInput,131044956,131044980,24
t547,SendDistance,131130428,131141272,10844
t634,RecvInput,131250084,131250108,24
t548,SendDistance,131352628,131363236,10608
t635,RecvInput,131455176,131455204,28
t549,SendDistance,131574824,131586068,11244
t636,RecvInput,131660296,131660324,28
t550,SendDistance,131797048,131807212,10164
t637,RecvInput,131865420,131865444,24
t551,SendDistance,132019240,132029432,10192
t638,RecvInput,132070512,132070540,28
t639,RecvInput,132275636,132275660,24
t552,SendDistance,132316304,132326408,10104
t640,RecvInput,132480756,132480780,24
t553,SendDistance,132532028,132543048,11020
t641,RecvInput,132685856,132685880,24
t554,SendDistance,132754216,132765284,11068
t642,RecvInput,132890952,132890976,24
t555,SendDistance,132976420,132987544,11124
t643,RecvInput,133096080,133096104,24
t556,SendDistance,133198632,133208792,10160
t644,RecvInput,133301176,133301204,28
t557,SendDistance,133420816,133431000,10184
t645,RecvInput,133506284,133506308,24
t558,SendDistance,133643032,133653172,10140
t646,RecvInput,133711412,133711440,28
t559,SendDistance,133865240,133875420,10180
t647,RecvInput,133916516,133916544,28
t648,RecvInput,134121624,134121648,24
t560,SendDistance,134162292,134172468,10176
t649,RecvInput,134326740,134326768,28
t561,SendDistance,134378024,134388232,10208
t650,RecvInput,134531844,134531872,28
t562,SendDistance,134600208,134610360,10152
t651,RecvInput,134736936,134736960,24
t563,SendDistance,134822408,134832504,10096
t652,RecvInput,134942060,134942088,28
t564,SendDistance,135044620,135054844,10224
t653,RecvInput,135147164,135147188,24
t565,SendDistance,135266800,135276964,10164
t654,RecvInput,135352256,135352284,28
t566,SendDistance,135489008,135500028,11020
t655,RecvInput,135557384,135557412,28
t567,SendDistance,135711220,135722304,11084
t656,RecvInput,135762496,135762520,24
t657,RecvInput,135967596,135967620,24
t568,SendDistance,136008268,136024136,15868
t658,RecvInput,136172704,136172728,24
t569,SendDistance,136241080,136256992,15912
t659,RecvInput,136377820,136377848,28
t570,SendDistance,136463276,136473468,10192
t660,RecvInput,136582916,136582940,24
t571,SendDistance,136685464,136696652,11188
t661,RecvInput,136788028,136788052,24
t572,SendDistance,136907684,136917824,10140
t662,RecvInput,136993152,136993176,24
t573,SendDistance,137129876,137141008,11132
t663,RecvInput,137198244,137198272,28
t574,SendDistance,137352076,137362424,10348
t664,RecvInput,137403360,137403388,28
t665,RecvInput,137608492,137608516,24
t575,SendDistance,137649172,137660332,11160
t666,RecvInput,137813576,137813600,24
t576,SendDistance,137864848,137876116,11268
t667,RecvInput,138018684,138018708,24
t577,SendDistance,138087060,138098224,11164
t668,RecvInput,138223808,138223836,28
t578,SendDistance,138309264,138320380,11116
t669,RecvInput,138428900,138428928,28
t579,SendDistance,138531444,138542548,11104
t670,RecvInput,138633996,138634020,24
t580,SendDistance,138753648,138764864,11216
t671,RecvInput,138839116,138839140,24
t581,SendDistance,138975844,138991660,15816
t672,RecvInput,139044208,139044232,24
t582,SendDistance,139198024,139213844,15820
t673,RecvInput,139249312,139249336,24
t674,RecvInput,139471536,139471564,28
t583,SendDistance,139512208,139523384,11176
t675,RecvInput,139676624,139676652,28
t584,SendDistance,139727904,139743696,15792
t676,RecvInput,139881724,139881748,24
t585,SendDistance,139950104,139965892,15788
t677,RecvInput,140086848,140086876,28
t586,SendDistance,140172320,140182488,10168
t678,RecvInput,140291952,140291976,24
t587,SendDistance,140394504,140404748,10244
t679,RecvInput,140497048,140497072,24
t588,SendDistance,140616700,140626932,10232
t680,RecvInput,140702172,140702196,24
t589,SendDistance,140838912,140849164,10252
t681,RecvInput,140907276,140907304,28
t590,SendDistance,141061096,141071272,10176
t682,RecvInput,141112372,141112396,24
t683,RecvInput,141317504,141317528,24
t591,SendDistance,141358168,141368256,10088
t684,RecvInput,141522608,141522632,24
t592,SendDistance,141573884,141584096,10212
t685,RecvInput,141727700,141727728,28
t593,SendDistance,141796072,141806200,10128
t686,RecvInput,141932816,141932840,24
t594,SendDistance,142018284,142028344,10060
t687,RecvInput,142137932,142137956,24
t595,SendDistance,142240476,142251620,11144
t688,RecvInput,142343020,142343048,28
t596,SendDistance,142462660,142472800,10140
t689,RecvInput,142548128,142548152,24
t597,SendDistance,142684872,142694996,10124
t690,RecvInput,142753240,142753264,24
t598,SendDistance,142907056,142917272,10216
t691,RecvInput,142958324,142958352,28
t692,RecvInput,143163440,143163468,28
t599,SendDistance,143204104,143214256,10152
t693,RecvInput,143368548,143368576,28
t600,SendDistance,143419820,143435712,15892
t694,RecvInput,143573640,143573664,24
t601,SendDistance,143642000,143652188,10188
t695,RecvInput,143778744,143778768,24
t602,SendDistance,143864212,143874448,10236
t696,RecvInput,143983868,143983892,24
t603,SendDistance,144086412,144096604,10192
t697,RecvInput,144188960,144188984,24
t604,SendDistance,144308592,144318760,10168
t698,RecvInput,144394060,144394088,28
t605,SendDistance,144530808,144540944,10136
t699,RecvInput,144599188,144599212,24
t606,SendDistance,144753008,144763492,10484
t700,RecvInput,144804280,144804308,28
t701,RecvInput,145009388,145009416,28
t607,SendDistance,145050052,145060216,10164
t702,RecvInput,145214504,145214532,28
t608,SendDistance,145265788,145275900,10112
t703,RecvInput,145419604,145419628,24
t609,SendDistance,145487968,145498056,10088
t704,RecvInput,145624696,145624720,24
t610,SendDistance,145710164,145721280,11116
t705,RecvInput,145829816,145829844,28
t611,SendDistance,145932376,145942488,10112
t706,RecvInput,146034924,146034948,24
t612,SendDistance,146154560,146165724,11164
t707,RecvInput,146240016,146240040,24
t613,SendDistance,146376760,146388088,11328
t708,RecvInput,146445140,146445164,24
t614,SendDistance,146598972,146609348,10376
t709,RecvInput,146650248,146650272,24
t710,RecvInput,146855344,146855372,28
t615,SendDistance,146896012,146911884,15872
t711,RecvInput,147060448,147060476,28
t616,SendDistance,147128824,147139916,11092
t712,RecvInput,147265568,147265596,28
t617,SendDistance,147351016,147362100,11084
t713,RecvInput,147470652,147470676,24
t618,SendDistance,147573200,147584348,11148
t714,RecvInput,147675760,147675784,24
t619,SendDistance,147795412,147805856,10444
t715,RecvInput,147880872,147880896,24
t620,SendDistance,148017596,148028820,11224
t716,RecvInput,148085960,148085988,28
t621,SendDistance,148239784,148250976,11192
t717,RecvInput,148291072,148291096,24
t718,RecvInput,148496188,148496216,28
t622,SendDistance,148536860,148548052,11192
t719,RecvInput,148701268,148701292,24
t623,SendDistance,148752540,148763656,11116
t720,RecvInput,148906368,148906396,28
t624,SendDistance,148974744,148985944,11200
t721,RecvInput,149111488,149111516,28
t625,SendDistance,149196944,149208112,11168
t722,RecvInput,149316580,149316604,24
t626,SendDistance,149419120,149430232,11112
t723,RecvInput,149521680,149521708,28
t627,SendDistance,149641332,149657148,15816
t724,RecvInput,149726800,149726828,28
t628,SendDistance,149863528,149879276,15748
t725,RecvInput,149931896,149931920,24
t629,SendDistance,150085708,150096220,10512
t726,RecvInput,150136996,150137020,24
t727,RecvInput,150342120,150342148,28
t630,SendDistance,150382796,150393220,10424
t728,RecvInput,150547204,150547232,28
t631,SendDistance,150598476,150608928,10452
t729,RecvInput,150752300,150752324,24
t632,SendDistance,150820672,150831788,11116
t730,RecvInput,150957420,150957448,28
t633,SendDistance,151042884,151053320,10436
t731,RecvInput,151162520,151162544,24
t634,SendDistance,151265060,151275476,10416
t732,RecvInput,151367608,151367632,24
t635,SendDistance,151487260,151497504,10244
t733,RecvInput,151572728,151572752,24
t636,SendDistance,151709464,151719608,10144
t734,RecvInput,151777828,151777856,28
t637,SendDistance,151931644,151941792,10148
t735,RecvInput,151982920,151982944,24
t736,RecvInput,152188048,152188072,24
t638,SendDistance,152228716,152238896,10180
t737,RecvInput,152393144,152393172,28
t639,SendDistance,152444420,152455604,11184
t738,RecvInput,152598236,152598264,28
t640,SendDistance,152666604,152676772,10168
t739,RecvInput,152803360,152803384,24
t641,SendDistance,152888820,152900036,11216
t740,RecvInput,153008468,153008492,24
t642,SendDistance,153111008,153121076,10068
t741,RecvInput,153213556,153213580,24
t643,SendDistance,153333192,153344416,11224
t742,RecvInput,153418660,153418688,28
t644,SendDistance,153555404,153565596,10192
t743,RecvInput,153623772,153623800,28
t645,SendDistance,153777588,153793448,15860
t744,RecvInput,153828860,153828888,28
t745,RecvInput,154051068,154051092,24
t646,SendDistance,154091736,154101872,10136
t746,RecvInput,154256176,154256204,28
t647,SendDistance,154307448,154317504,10056
t747,RecvInput,154461268,154461296,28
t648,SendDistance,154529632,154545444,15812
t748,RecvInput,154666372,154666396,24
t649,SendDistance,154751840,154762012,10172
t749,RecvInput,154871492,154871520,28
t650,SendDistance,154974036,154984168,10132
t750,RecvInput,155076584,155076616,32
t651,SendDistance,155196216,155207456,11240
t751,RecvInput,155281688,155281712,24
t652,SendDistance,155418428,155428576,10148
t752,RecvInput,155486804,155486832,28
t653,SendDistance,155640620,155650692,10072
t753,RecvInput,155691896,155691920,24
t754,RecvInput,155896996,155897024,28
t654,SendDistance,155937668,155948184,10516
t755,RecvInput,156102108,156102132,24
t655,SendDistance,156153388,156164608,11220
t756,RecvInput,156307204,156307232,28
t656,SendDistance,156375568,156385648,10080
t757,RecvInput,156512300,156512328,28
t657,SendDistance,156597768,156607856,10088
t758,RecvInput,156717424,156717448,24
t658,SendDistance,156819976,156830168,10192
t759,RecvInput,156922524,156922548,24
t659,SendDistance,157042156,157052300,10144
t760,RecvInput,157127612,157127640,28
t660,SendDistance,157264352,157280124,15772
t761,RecvInput,157332732,157332756,24
t661,SendDistance,157486560,157496616,10056
t762,RecvInput,157537832,157537856,24
t763,RecvInput,157742928,157742956,28
t662,SendDistance,157783592,157793780,10188
t764,RecvInput,157948036,157948064,28
t663,SendDistance,157999320,158009752,10432
t765,RecvInput,158153148,158153172,24
t664,SendDistance,158221512,158231920,10408
t766,RecvInput,158358236,158358260,24
t665,SendDistance,158443696,158454000,10304
t767,RecvInput,158563356,158563380,24
t666,SendDistance,158665908,158677028,11120
t768,RecvInput,158768464,158768488,24
t667,SendDistance,158888096,158898416,10320
t769,RecvInput,158973556,158973580,24
t668,SendDistance,159110292,159120508,10216
t770,RecvInput,159178668,159178692,24
t669,SendDistance,159332504,159343536,11032
t771,RecvInput,159383776,159383804,28
t772,RecvInput,159588876,159588900,24
t670,SendDistance,159629540,159639716,10176
t773,RecvInput,159793968,159793992,24
t671,SendDistance,159845248,159855504,10256
t774,RecvInput,159999088,159999112,24
t672,SendDistance,160067452,160077660,10208
t775,RecvInput,160204180,160204204,24
t673,SendDistance,160289632,160299884,10252
t776,RecvInput,160409284,160409312,28
t674,SendDistance,160511844,160521948,10104
t777,RecvInput,160614412,160614436,24
t675,SendDistance,160734040,160745132,11092
t778,RecvInput,160819496,160819520,24
t676,SendDistance,160956220,160972112,15892
t779,RecvInput,161024600,161024624,24
t677,SendDistance,161178436,161188472,10036
t780,RecvInput,161229724,161229748,24
t781,RecvInput,161434824,161434848,24
t678,SendDistance,161475488,161486508,11020
t4,SendWeatherData,161417724,161549684,131960
t782,RecvInput,161639908,161639932,24
t679,SendDistance,161691188,161701320,10132
t783,RecvInput,161845024,161845052,28
t680,SendDistance,161913396,161923412,10016
t784,RecvInput,162050124,162050152,28
t681,SendDistance,162135580,162145712,10132
t785,RecvInput,162255216,162255244,28
t682,SendDistance,162357776,162367988,10212
t786,RecvInput,162460340,162460368,28
t683,SendDistance,162579988,162590080,10092
t787,RecvInput,162665444,162665472,28
t684,SendDistance,162802168,162812340,10172
t788,RecvInput,162870536,162870560,24
t685,SendDistance,163024372,163034460,10088
t789,RecvInput,163075656,163075684,28
t790,RecvInput,163280768,163280792,24
t686,SendDistance,163321436,163332732,11296
t791,RecvInput,163485844,163485872,28
t687,SendDistance,163537124,163547244,10120
t792,RecvInput,163690960,163690988,28
t688,SendDistance,163759336,163770452,11116
t793,RecvInput,163896076,163896100,24
t689,SendDistance,163981528,163992040,10512
t794,RecvInput,164101164,164101188,24
t690,SendDistance,164203712,164213960,10248
t795,RecvInput,164306276,164306300,24
t691,SendDistance,164425928,164436196,10268
t796,RecvInput,164511388,164511412,24
t692,SendDistance,164648112,164658352,10240
t797,RecvInput,164716476,164716500,24
t693,SendDistance,164870300,164880484,10184
t798,RecvInput,164921588,164921612,24
t799,RecvInput,165126704,165126732,28
t694,SendDistance,165167372,165177536,10164
t800,RecvInput,165331784,165331808,24
t695,SendDistance,165383056,165393464,10408
t801,RecvInput,165536888,165536912,24
t696,SendDistance,165605264,165616400,11136
t802,RecvInput,165742012,165742036,24
t697,SendDistance,165827464,165838612,11148
t803,RecvInput,165947104,165947128,24
t698,SendDistance,166049648,166154368,104720
t804,RecvInput,166152204,166152228,24
t805,RecvInput,166408600,166408628,28
t699,SendDistance,166449276,166459296,10020
t806,RecvInput,166613680,166613704,24
t700,SendDistance,166664952,166675328,10376
t807,RecvInput,166818784,166818808,24
t701,SendDistance,166887156,166897672,10516
t808,RecvInput,167023904,167023928,24
t702,SendDistance,167109356,167119956,10600
t809,RecvInput,167228992,167229016,24
t703,SendDistance,167331536,167342528,10992
t810,RecvInput,167434092,167434120,28
t704,SendDistance,167553744,167564464,10720
t811,RecvInput,167639212,167639240,28
t705,SendDistance,167775940,167786336,10396
t812,RecvInput,167844304,167844332,28
t706,SendDistance,167998120,168008844,10724
t813,RecvInput,168049404,168049440,36
t814,RecvInput,168254524,168254548,24
t707,SendDistance,168295196,168305856,10660
t815,RecvInput,168459612,168459636,24
t708,SendDistance,168510884,168521368,10484
t816,RecvInput,168664708,168664732,24
t709,SendDistance,168733080,168748948,15868
t817,RecvInput,168869828,168869852,24
t710,SendDistance,168955292,168965720,10428
t818,RecvInput,169074928,169074952,24
t711,SendDistance,169177472,169187708,10236
t819,RecvInput,169280016,169280044,28
t712,SendDistance,169399668,169409868,10200
t820,RecvInput,169485136,169485164,28
t713,SendDistance,169621876,169632140,10264
t821,RecvInput,169690236,169690264,28
t714,SendDistance,169844052,169854312,10260
t822,RecvInput,169895328,169895352,24
t823,RecvInput,170100448,170100476,28
t715,SendDistance,170141120,170151388,10268
t824,RecvInput,170305556,170305580,24
t716,SendDistance,170356820,170367056,10236
t825,RecvInput,170510640,170510664,24
t717,SendDistance,170579004,170589240,10236
t826,RecvInput,170715748,170715772,24
t718,SendDistance,170801208,170811476,10268
t827,RecvInput,170920856,170920880,24
t719,SendDistance,171023400,171033708,10308
t828,RecvInput,171125944,171125968,24
t720,SendDistance,171245588,171255800,10212
t829,RecvInput,171331048,171331072,24
t721,SendDistance,171467796,171478088,10292
t830,RecvInput,171536160,171536184,24
t722,SendDistance,171689972,171700208,10236
t831,RecvInput,171741244,171741268,24
t832,RecvInput,171946344,171946372,28
t723,SendDistance,171987016,171997244,10228
t833,RecvInput,172151448,172151476,28
t724,SendDistance,172202720,172212900,10180
t834,RecvInput,172356536,172356560,24
t725,SendDistance,172424896,172435056,10160
t835,RecvInput,172561636,172561660,24
t726,SendDistance,172647100,172657268,10168
t836,RecvInput,172766752,172766780,28
t727,SendDistance,172869296,172879592,10296
t837,RecvInput,172971844,172971868,24
t728,SendDistance,173091476,173101904,10428
t838,RecvInput,173176940,173176968,28
t729,SendDistance,173313680,173324256,10576
t839,RecvInput,173382056,173382084,28
t730,SendDistance,173535876,173546948,11072
t840,RecvInput,173587148,173587176,28
t841,RecvInput,173792252,173792284,32
t731,SendDistance,173832924,173843464,10540
t842,RecvInput,173997356,173997384,28
t732,SendDistance,174048636,174059032,10396
t843,RecvInput,174202452,174202480,28
t733,SendDistance,174270816,174281212,10396
t844,RecvInput,174407540,174407568,28
t734,SendDistance,174493004,174503436,10432
t845,RecvInput,174612656,174612684,28
t735,SendDistance,174715212,174725580,10368
t846,RecvInput,174817752,174817776,24
t736,SendDistance,174937384,174947788,10404
t847,RecvInput,175022840,175022864,24
t737,SendDistance,175159580,175169984,10404
t848,RecvInput,175227956,175227980,24
t738,SendDistance,175381780,175392140,10360
t849,RecvInput,175433056,175433080,24
t850,RecvInput,175638156,175638180,24
t739,SendDistance,175678820,175689308,10488
t851,RecvInput,175843264,175843288,24
t740,SendDistance,175894552,175905016,10464
t852,RecvInput,176048372,176048400,28
t741,SendDistance,176116740,176127212,10472
t853,RecvInput,176253460,176253484,24
t742,SendDistance,176338916,176349332,10416
t854,RecvInput,176458568,176458592,24
t743,SendDistance,176561124,176571540,10416
t855,RecvInput,176663680,176663708,28
t744,SendDistance,176783312,176793764,10452
t856,RecvInput,176868768,176868792,24
t745,SendDistance,177005496,177015960,10464
t857,RecvInput,177073868,177073896,28
t746,SendDistance,177227704,177238572,10868
t858,RecvInput,177278988,177279012,24
t859,RecvInput,177484076,177484104,28
t747,SendDistance,177524748,177535112,10364
t860,RecvInput,177689164,177689188,24
t748,SendDistance,177740444,177750652,10208
t861,RecvInput,177894284,177894308,24
t749,SendDistance,177962644,177972812,10168
t862,RecvInput,178099368,178099396,28
t750,SendDistance,178184824,178195008,10184
t863,RecvInput,178304472,178304496,24
t751,SendDistance,178407032,178417228,10196
t864,RecvInput,178509592,178509616,24
t752,SendDistance,178629232,178639384,10152
t865,RecvInput,178714688,178714712,24
t753,SendDistance,178851412,178861516,10104
t866,RecvInput,178919784,178919812,28
t754,SendDistance,179073620,179083724,10104
t867,RecvInput,179124904,179124928,24
t868,RecvInput,179330008,179330036,28
t755,SendDistance,179370688,179380816,10128
t869,RecvInput,179535092,179535116,24
t756,SendDistance,179586372,179596484,10112
t870,RecvInput,179740208,179740232,24
t757,SendDistance,179808576,179818668,10092
t871,RecvInput,179945300,179945328,28
t758,SendDistance,180030756,180040904,10148
t872,RecvInput,180150388,180150416,28
t759,SendDistance,180252944,180263072,10128
t873,RecvInput,180355504,180355532,28
t760,SendDistance,180475152,180485280,10128
t874,RecvInput,180560608,180560632,24
t761,SendDistance,180697328,180707464,10136
t875,RecvInput,180765692,180765724,32
t762,SendDistance,180919520,180929636,10116
t876,RecvInput,180970804,180970828,24
t877,RecvInput,181175916,181175940,24
t763,SendDistance,181216584,181226632,10048
t878,RecvInput,181380988,181381016,28
t764,SendDistance,181432264,181442316,10052
t879,RecvInput,181586096,181586124,28
t765,SendDistance,181654468,181664576,10108
t880,RecvInput,181791208,181791232,24
t766,SendDistance,181876660,181886812,10152
t881,RecvInput,181996296,181996320,24
t767,SendDistance,182098840,182108956,10116
t882,RecvInput,182201400,182201428,28
t768,SendDistance,182321048,182331244,10196
t883,RecvInput,182406516,182406540,24
t769,SendDistance,182543236,182553412,10176
t884,RecvInput,182611604,182611628,24
t770,SendDistance,182765420,182775596,10176
t885,RecvInput,182816704,182816728,24
t886,RecvInput,183021816,183021844,28
t771,SendDistance,183062480,183072660,10180
t887,RecvInput,183226892,183226920,28
t772,SendDistance,183278164,183288264,10100
t888,RecvInput,183431988,183432016,28
t773,SendDistance,183500360,183510460,10100
t889,RecvInput,183637108,183637132,24
t774,SendDistance,183722560,183732696,10136
t890,RecvInput,183842196,183842220,24
t775,SendDistance,183944740,183954864,10124
t891,RecvInput,184047292,184047316,24
t776,SendDistance,184166940,184177060,10120
t892,RecvInput,184252408,184252440,32
t777,SendDistance,184389136,184399360,10224
t893,RecvInput,184457500,184457524,24
t778,SendDistance,184611312,184621452,10140
t894,RecvInput,184662592,184662620,28
t895,RecvInput,184867704,184867732,28
t779,SendDistance,184908376,184918504,10128
t896,RecvInput,185072792,185072820,28
t780,SendDistance,185124064,185134212,10148
t897,RecvInput,185277880,185277904,24
t781,SendDistance,185346252,185357292,11040
t898,RecvInput,185482996,185483020,24
t782,SendDistance,185568460,185579500,11040
t899,RecvInput,185688100,185688124,24
t783,SendDistance,185790636,185801672,11036
t900,RecvInput,185893180,185893204,24
t784,SendDistance,186012828,186023996,11168
t901,RecvInput,186098296,186098320,24
t785,SendDistance,186235032,186250900,15868
t902,RecvInput,186303396,186303420,24
t786,SendDistance,186457208,186468116,10908
t903,RecvInput,186508480,186508504,24
t904,RecvInput,186713596,186713620,24
t787,SendDistance,186754260,186764504,10244
t905,RecvInput,186918692,186918716,24
t788,SendDistance,186969960,186980264,10304
t906,RecvInput,187123776,187123804,28
t789,SendDistance,187192140,187202212,10072
t907,RecvInput,187328880,187328908,28
t790,SendDistance,187414344,187424592,10248
t908,RecvInput,187533992,187534016,24
t791,SendDistance,187636536,187646616,10080
t909,RecvInput,187739076,187739104,28
t792,SendDistance,187858712,187868828,10116
t910,RecvInput,187944180,187944204,24
t793,SendDistance,188080916,188092036,11120
t911,RecvInput,188149288,188149316,28
t794,SendDistance,188303100,188314192,11092
t912,RecvInput,188354372,188354400,28
t913,RecvInput,188559472,188559500,28
t795,SendDistance,188600144,188611232,11088
t914,RecvInput,188764568,188764596,28
t796,SendDistance,188815840,188826876,11036
t915,RecvInput,188969652,188969676,24
t797,SendDistance,189038012,189048136,10124
t916,RecvInput,189174736,189174764,28
t798,SendDistance,189260196,189271292,11096
t917,RecvInput,189379840,189379868,28
t799,SendDistance,189482384,189492564,10180
t918,RecvInput,189584924,189584952,28
t800,SendDistance,189704556,189715696,11140
t919,RecvInput,189790016,189790044,28
t801,SendDistance,189926748,189936880,10132
t920,RecvInput,189995124,189995148,24
t802,SendDistance,190148940,190159140,10200
t921,RecvInput,190200212,190200236,24
t922,RecvInput,190405304,190405332,28
t803,SendDistance,190445976,190456176,10200
t923,RecvInput,190610408,190610436,28
t804,SendDistance,190661688,190671860,10172
t924,RecvInput,190815504,190815528,24
t805,SendDistance,190883872,190894016,10144
t925,RecvInput,191020588,191020616,28
t806,SendDistance,191106056,191116240,10184
t926,RecvInput,191225704,191225728,24
t807,SendDistance,191328264,191344076,15812
t927,RecvInput,191430800,191430824,24
t808,SendDistance,191550432,191560712,10280
t928,RecvInput,191635884,191635908,24
t809,SendDistance,191772616,191782840,10224
t929,RecvInput,191840996,191841020,24
t810,SendDistance,191994820,192005024,10204
t930,RecvInput,192046100,192046124,24
t931,RecvInput,192251188,192251212,24
t811,SendDistance,192291864,192302100,10236
t932,RecvInput,192456284,192456308,24
t812,SendDistance,192507564,192517808,10244
t933,RecvInput,192661392,192661420,28
t813,SendDistance,192729756,192739980,10224
t934,RecvInput,192866480,192866504,24
t814,SendDistance,192951936,192962148,10212
t935,RecvInput,193071588,193071612,24
t815,SendDistance,193174148,193189988,15840
t936,RecvInput,193276704,193276732,28
t816,SendDistance,193396340,193406632,10292
t937,RecvInput,193481788,193481812,24
t5,SendWeatherData,193464700,193538812,74112
t817,SendDistance,193618512,193628996,10484
t938,RecvInput,193686884,193686912,28
t818,SendDistance,193840720,193851100,10380
t939,RecvInput,193892000,193892024,24
t940,RecvInput,194097096,194097120,24
t819,SendDistance,194137768,194147916,10148
t941,RecvInput,194302180,194302204,24
t820,SendDistance,194353460,194363836,10376
t942,RecvInput,194507296,194507320,24
t821,SendDistance,194575660,194586148,10488
t943,RecvInput,194712384,194712408,24
t822,SendDistance,194797836,194808240,10404
t944,RecvInput,194917476,194917500,24
t823,SendDistance,195020024,195030344,10320
t945,RecvInput,195122580,195122604,24
t824,SendDistance,195242220,195252516,10296
t946,RecvInput,195327668,195327696,28
t825,SendDistance,195464392,195474736,10344
t947,RecvInput,195532764,195532788,24
t826,SendDistance,195686592,195696892,10300
t948,RecvInput,195737880,195737904,24
t949,RecvInput,195942984,195943008,24
t827,SendDistance,195983648,195993956,10308
t950,RecvInput,196148056,196148080,24
t828,SendDistance,196199336,196209796,10460
t951,RecvInput,196353168,196353192,24
t829,SendDistance,196421536,196431836,10300
t952,RecvInput,196558268,196558292,24
t830,SendDistance,196643716,196654020,10304
t953,RecvInput,196763352,196763376,24
t831,SendDistance,196865900,196881740,15840
t954,RecvInput,196968464,196968488,24
t832,SendDistance,197088104,197098552,10448
t955,RecvInput,197173556,197173580,24
t833,SendDistance,197310276,197320632,10356
t956,RecvInput,197378636,197378664,28
t834,SendDistance,197532464,197542724,10260
t957,RecvInput,197583748,197583772,24
t958,RecvInput,197788860,197788884,24
t835,SendDistance,197829532,197839620,10088
t959,RecvInput,197993932,197993956,24
t836,SendDistance,198045200,198055300,10100
t960,RecvInput,198199032,198199056,24
t837,SendDistance,198267400,198277496,10096
t961,RecvInput,198404140,198404164,24
t838,SendDistance,198489588,198499744,10156
t962,RecvInput,198609224,198609248,24
t839,SendDistance,198711764,198721876,10112
t963,RecvInput,198814328,198814352,24
t840,SendDistance,198933972,198944124,10152
t964,RecvInput,199019436,199019464,28
t841,SendDistance,199156160,199166372,10212
t965,RecvInput,199224524,199224548,24
t842,SendDistance,199378336,199388504,10168
t966,RecvInput,199429620,199429644,24
t967,RecvInput,199634728,199634752,24
t843,SendDistance,199675404,199685568,10164
t968,RecvInput,199839804,199839828,24
t844,SendDistance,199891072,199901264,10192
t969,RecvInput,200044892,200044916,24
t845,SendDistance,200113264,200123472,10208
t970,RecvInput,200250008,200250032,24
t846,SendDistance,200335464,200345720,10256
t971,RecvInput,200455096,200455124,28
t847,SendDistance,200557640,200567876,10236
t972,RecvInput,200660188,200660216,28
t848,SendDistance,200779836,200790048,10212
t973,RecvInput,200865300,200865328,28
t849,SendDistance,201002036,201012204,10168
t974,RecvInput,201070396,201070424,28
t850,SendDistance,201224216,201234412,10196
t975,RecvInput,201275488,201275516,28
t976,RecvInput,201480604,201480628,24
t851,SendDistance,201521272,201531424,10152
t977,RecvInput,201685688,201685716,28
t852,SendDistance,201736956,201747132,10176
t978,RecvInput,201890768,201890792,24
t853,SendDistance,201959136,201969340,10204
t979,RecvInput,202095876,202095900,24
t854,SendDistance,202181340,202191512,10172
t980,RecvInput,202300976,202301000,24
t855,SendDistance,202403516,202413708,10192
t981,RecvInput,202506060,202506084,24
t856,SendDistance,202625700,202635876,10176
t982,RecvInput,202711172,202711196,24
t857,SendDistance,202847908,202858152,10244
t983,RecvInput,202916268,202916296,28
t858,SendDistance,203070084,203080320,10236
t984,RecvInput,203121352,203121380,28
t985,RecvInput,203326460,203326492,32
t859,SendDistance,203367128,203377384,10256
t986,RecvInput,203531556,203531580,24
t860,SendDistance,203582824,203593056,10232
t987,RecvInput,203736636,203736660,24
t861,SendDistance,203804996,203815224,10228
t988,RecvInput,203941732,203941756,24
t862,SendDistance,204027192,204037380,10188
t989,RecvInput,204146840,204146864,24
t863,SendDistance,204249380,204259604,10224
t990,RecvInput,204351916,204351940,24
t864,SendDistance,204471548,204481736,10188
t991,RecvInput,204557012,204557040,28
t865,SendDistance,204693748,204704036,10288
t992,RecvInput,204762124,204762152,28
t866,SendDistance,204915928,204926112,10184
t993,RecvInput,204967196,204967224,28
t994,RecvInput,205172292,205172316,24
t867,SendDistance,205212960,205223164,10204
t995,RecvInput,205377388,205377412,24
t868,SendDistance,205428660,205438808,10148
t996,RecvInput,205582472,205582496,24
t869,SendDistance,205650828,205661028,10200
t997,RecvInput,205787548,205787576,28
t870,SendDistance,205873008,205883212,10204
t998,RecvInput,205992652,205992676,24
t871,SendDistance,206095200,206105408,10208
t999,RecvInput,206197740,206197772,32
t872,SendDistance,206317368,206327552,10184
t1000,RecvInput,206402824,206402848,24
t873,SendDistance,206539556,206549760,10204
t1001,RecvInput,206607928,206607952,24
t874,SendDistance,206761748,206771932,10184
t1002,RecvInput,206813016,206813044,28
t1003,RecvInput,207018112,207018136,24
t875,SendDistance,207059820,207070048,10228
t1004,RecvInput,207223208,207223236,28
t876,SendDistance,207274488,207284676,10188
t1005,RecvInput,207428308,207428336,28
t877,SendDistance,207496668,207506900,10232
t1006,RecvInput,207633392,207633424,32
t878,SendDistance,207718848,207729056,10208
t1007,RecvInput,207838492,207838516,24
t879,SendDistance,207941040,207951228,10188
t1008,RecvInput,208043584,208043608,24
t880,SendDistance,208163212,208173396,10184
t1009,RecvInput,208248664,208248688,24
t881,SendDistance,208385388,208395552,10164
t1010,RecvInput,208453756,208453784,28
t882,SendDistance,208607580,208617788,10208
t1011,RecvInput,208658852,208658876,24
t1012,RecvInput,208863944,208863968,24
t883,SendDistance,208905648,208915840,10192
t1013,RecvInput,209069020,209069048,28
t884,SendDistance,209120296,209130484,10188
t1014,RecvInput,209274120,209274148,28
t885,SendDistance,209342484,209352612,10128
t1015,RecvInput,209479200,209479224,24
t886,SendDistance,209564648,209574796,10148
t1016,RecvInput,209684292,209684316,24
t887,SendDistance,209786840,209796952,10112
t1017,RecvInput,209889396,209889420,24
t888,SendDistance,210009024,210019124,10100
t1018,RecvInput,210094472,210094500,28
t889,SendDistance,210231192,210241332,10140
t1019,RecvInput,210299564,210299592,28
t890,SendDistance,210453388,210463516,10128
t1020,RecvInput,210504668,210504692,24
t1021,RecvInput,210709760,210709784,24
t891,SendDistance,210751468,210761580,10112
t1022,RecvInput,210914828,210914852,24
t892,SendDistance,210966104,210976260,10156
t1023,RecvInput,211119932,211119956,24
t893,SendDistance,211188296,211198472,10176
t1024,RecvInput,211325016,211325040,24
t894,SendDistance,211410464,211420588,10124
t1025,RecvInput,211530092,211530120,28
t895,SendDistance,211632644,211642796,10152
t1026,RecvInput,211735196,211735220,24
t896,SendDistance,211854836,211864992,10156
t1027,RecvInput,211940280,211940308,28
t897,SendDistance,212077000,212087164,10164
t1028,RecvInput,212145360,212145388,28
t898,SendDistance,212299180,212309360,10180
t1029,RecvInput,212350460,212350488,28
t1030,RecvInput,212555560,212555588,28
t899,SendDistance,212597272,212607464,10192
t1031,RecvInput,212760628,212760656,28
t900,SendDistance,212811904,212822052,10148
t1032,RecvInput,212965736,212965760,24
t901,SendDistance,213034100,213044248,10148
t1033,RecvInput,213170832,213170856,24
t902,SendDistance,213256280,213266444,10164
t1034,RecvInput,213375908,213375936,28
t903,SendDistance,213478452,213488604,10152
t1035,RecvInput,213581008,213581032,24
t904,SendDistance,213700648,213710800,10152
t1036,RecvInput,213786096,213786120,24
t905,SendDistance,213922820,213932968,10148
t1037,RecvInput,213991172,213991200,28
t906,SendDistance,214144988,214155176,10188
t1038,RecvInput,214196268,214196296,28
t1039,RecvInput,214401376,214401400,24
t907,SendDistance,214443076,214453240,10164
t1040,RecvInput,214606440,214606468,28
t908,SendDistance,214657708,214667860,10152
t1041,RecvInput,214811532,214811556,24
t909,SendDistance,214879900,214890092,10192
t1042,RecvInput,215016636,215016660,24
t910,SendDistance,215102084,215112224,10140
t1043,RecvInput,215221712,215221740,28
t911,SendDistance,215324252,215334420,10168
t1044,RecvInput,215426804,215426828,24
t912,SendDistance,215546444,215556592,10148
t1045,RecvInput,215631912,215631936,24
t913,SendDistance,215768624,215778760,10136
t1046,RecvInput,215836980,215837004,24
t914,SendDistance,215990792,216000944,10152
t1047,RecvInput,216042072,216042096,24
t1048,RecvInput,216247172,216247200,28
t915,SendDistance,216288884,216299084,10200
t1049,RecvInput,216452244,216452268,24
t916,SendDistance,216503512,216513664,10152
t1050,RecvInput,216657320,216657348,28
t917,SendDistance,216725688,216735872,10184
t1051,RecvInput,216862424,216862448,24
t918,SendDistance,216947880,216958068,10188
t1052,RecvInput,217067508,217067540,32
t919,SendDistance,217170048,217180316,10268
t1053,RecvInput,217272584,217272612,28
t920,SendDistance,217392224,217403268,11044
t1054,RecvInput,217477688,217477712,24
t921,SendDistance,217614416,217624604,10188
t1055,RecvInput,217682772,217682796,24
t922,SendDistance,217836584,217846812,10228
t1056,RecvInput,217887852,217887876,24
t1057,RecvInput,218092956,218092984,28
t923,SendDistance,218134660,218145048,10388
t1058,RecvInput,218298044,218298068,24
t924,SendDistance,218349308,218359612,10304
t1059,RecvInput,218503120,218503144,24
t925,SendDistance,218571488,218581912,10424
t1060,RecvInput,218708224,218708248,24
t926,SendDistance,218793680,218804876,11196
t1061,RecvInput,218913320,218913344,24
t927,SendDistance,219015856,219031724,15868
t1062,RecvInput,219118396,219118424,28
t928,SendDistance,219238028,219248228,10200
t1063,RecvInput,219323488,219323516,28
t929,SendDistance,219460220,219470460,10240
t1064,RecvInput,219528580,219528604,24
t930,SendDistance,219682388,219692604,10216
t1065,RecvInput,219733656,219733680,24
t1066,RecvInput,219938748,219938776,28
t931,SendDistance,219980452,219990680,10228
t1067,RecvInput,220143840,220143864,24
t932,SendDistance,220195108,220205352,10244
t1068,RecvInput,220348916,220348944,28
t933,SendDistance,220417276,220427416,10140
t1069,RecvInput,220554004,220554032,28
t934,SendDistance,220639460,220649744,10284
t1070,RecvInput,220759104,220759132,28
t935,SendDistance,220861644,220871860,10216
t1071,RecvInput,220964180,220964208,28
t936,SendDistance,221083808,221094292,10484
t1072,RecvInput,221169272,221169296,24
t937,SendDistance,221306004,221316164,10160
t1073,RecvInput,221374372,221374396,24
t938,SendDistance,221528184,221544028,15844
t1074,RecvInput,221579452,221579476,24
t1075,RecvInput,221801636,221801660,24
t939,SendDistance,221843340,221859212,15872
t1076,RecvInput,222006728,222006752,24
t940,SendDistance,222075088,222086284,11196
t1077,RecvInput,222211808,222211832,24
t941,SendDistance,222297256,222307620,10364
t1078,RecvInput,222416884,222416916,32
t942,SendDistance,222519432,222529828,10396
t1079,RecvInput,222621984,222622012,28
t943,SendDistance,222741624,222752768,11144
t1080,RecvInput,222827072,222827096,24
t944,SendDistance,222963792,222975120,11328
t1081,RecvInput,223032152,223032180,28
t945,SendDistance,223185976,223201812,15836
t1082,RecvInput,223237252,223237276,24
t1083,RecvInput,223459444,223459468,24
t946,SendDistance,223501152,223512396,11244
t1084,RecvInput,223664508,223664532,24
t947,SendDistance,223715784,223726920,11136
t1085,RecvInput,223869604,223869632,28
t948,SendDistance,223937972,223948768,10796
t1086,RecvInput,224074692,224074716,24
t949,SendDistance,224160140,224171300,11160
t1087,RecvInput,224279768,224279792,24
t950,SendDistance,224382316,224398136,15820
t1088,RecvInput,224484868,224484892,24
t951,SendDistance,224604508,224620296,15788
t1089,RecvInput,224689956,224689980,24
t952,SendDistance,224826672,224837720,11048
t1090,RecvInput,224895028,224895056,28
t953,SendDistance,225048848,225059968,11120
t1091,RecvInput,225100128,225100152,24
t1092,RecvInput,225305228,225305256,28
t954,SendDistance,225346932,225357096,10164
t1093,RecvInput,225510304,225510328,24
t955,SendDistance,225561560,225571724,10164
t6,SendWeatherData,225552008,225634940,82932
t1094,RecvInput,225715384,225715408,24
t956,SendDistance,225783748,225793988,10240
t1095,RecvInput,225920480,225920504,24
t957,SendDistance,226005928,226016156,10228
t1096,RecvInput,226125552,226125580,28
t958,SendDistance,226228092,226239212,11120
t1097,RecvInput,226330648,226330676,28
t959,SendDistance,226450280,226460484,10204
t1098,RecvInput,226535740,226535768,28
t960,SendDistance,226672460,226683448,10988
t1099,RecvInput,226740820,226740844,24
t961,SendDistance,226894628,226905696,11068
t1100,RecvInput,226945908,226945932,24
t1101,RecvInput,227151012,227151036,24
t962,SendDistance,227192724,227202912,10188
t1102,RecvInput,227356076,227356100,24
t963,SendDistance,227407344,227417584,10240
t1103,RecvInput,227561156,227561180,24
t964,SendDistance,227629520,227639856,10336
t1104,RecvInput,227766256,227766288,32
t965,SendDistance,227851708,227861976,10268
t1105,RecvInput,227971332,227971360,28
t966,SendDistance,228073872,228089736,15864
t1106,RecvInput,228176416,228176444,28
t967,SendDistance,228296056,228307120,11064
t1107,RecvInput,228381520,228381544,24
t968,SendDistance,228518244,228534088,15844
t1108,RecvInput,228586600,228586628,28
t969,SendDistance,228740412,228750316,9904
t1109,RecvInput,228791688,228791712,24
t1110,RecvInput,228996792,228996816,24
t970,SendDistance,229038504,229054400,15896
t1111,RecvInput,229201868,229201896,28
t971,SendDistance,229270228,229281368,11140
t1112,RecvInput,229406944,229406968,24
t972,SendDistance,229492400,229508256,15856
t1113,RecvInput,229612044,229612068,24
t973,SendDistance,229714592,229725680,11088
t1114,RecvInput,229817128,229817152,24
t974,SendDistance,229936756,229947824,11068
t1115,RecvInput,230022208,230022232,24
t975,SendDistance,230158940,230169136,10196
t1116,RecvInput,230227312,230227336,24
t976,SendDistance,230381132,230391280,10148
t1117,RecvInput,230432404,230432428,24
t1118,RecvInput,230637496,230637524,28
t977,SendDistance,230679208,230690320,11112
t1119,RecvInput,230842588,230842612,24
t978,SendDistance,230893864,230903988,10124
t1120,RecvInput,231047692,231047716,24
t979,SendDistance,231116048,231126248,10200
t1121,RecvInput,231252768,231252796,28
t980,SendDistance,231338220,231349236,11016
t1122,RecvInput,231457864,231457888,24
t981,SendDistance,231560412,231576284,15872
t1123,RecvInput,231662968,231662992,24
t982,SendDistance,231782596,231793616,11020
t1124,RecvInput,231868048,231868072,24
t983,SendDistance,232004768,232020584,15816
t1125,RecvInput,232073140,232073168,28
t984,SendDistance,232226964,232238192,11228
t1126,RecvInput,232278236,232278264,28
t1127,RecvInput,232483332,232483356,24
t985,SendDistance,232525036,232535252,10216
t1128,RecvInput,232688400,232688428,28
t986,SendDistance,232739680,232750012,10332
t1129,RecvInput,232893500,232893528,28
t987,SendDistance,232961860,232972924,11064
t1130,RecvInput,233098580,233098604,24
t988,SendDistance,233184028,233195068,11040
t1131,RecvInput,233303668,233303692,24
t989,SendDistance,233406216,233417304,11088
t1132,RecvInput,233508772,233508796,24
t990,SendDistance,233628408,233638668,10260
t1133,RecvInput,233713856,233713880,24
t991,SendDistance,233850576,233860836,10260
t1134,RecvInput,233918944,233918972,28
t992,SendDistance,234072768,234088508,15740
t1135,RecvInput,234124044,234124068,24
t1136,RecvInput,234346236,234346264,28
t993,SendDistance,234387952,234397984,10032
t1137,RecvInput,234551312,234551336,24
t994,SendDistance,234602580,234612808,10228
t1138,RecvInput,234756408,234756432,24
t995,SendDistance,234824776,234834876,10100
t1139,RecvInput,234961496,234961520,24
t996,SendDistance,235046952,235058164,11212
t1140,RecvInput,235166572,235166596,24
t997,SendDistance,235269124,235279332,10208
t1141,RecvInput,235371668,235371696,28
t998,SendDistance,235491308,235502256,10948
t1142,RecvInput,235576760,235576784,24
t999,SendDistance,235713480,235723700,10220
t1143,RecvInput,235781840,235781864,24
t1000,SendDistance,235935660,235946520,10860
t1144,RecvInput,235986940,235986972,32
t1145,RecvInput,236192044,236192072,28
t1001,SendDistance,236233760,236244048,10288
t1146,RecvInput,236397112,236397136,24
t1002,SendDistance,236448384,236464204,15820
t1147,RecvInput,236602208,236602232,24
t1003,SendDistance,236670572,236680980,10408
t1148,RecvInput,236807308,236807332,24
t1004,SendDistance,236892756,236902992,10236
t1149,RecvInput,237012384,237012408,24
t1005,SendDistance,237114924,237130768,15844
t1150,RecvInput,237217476,237217504,28
t1006,SendDistance,237337120,237347580,10460
t1151,RecvInput,237422580,237422612,32
t1007,SendDistance,237559300,237569632,10332
t1152,RecvInput,237627656,237627684,28
t1008,SendDistance,237781472,237792024,10552
t1153,RecvInput,237832752,237832776,24
t1154,RecvInput,238037856,238037880,24
t1009,SendDistance,238079560,238089712,10152
t1155,RecvInput,238242920,238242944,24
t1010,SendDistance,238294188,238304460,10272
t1156,RecvInput,238448000,238448028,28
t1011,SendDistance,238516368,238532220,15852
t1157,RecvInput,238653104,238653132,28
t1012,SendDistance,238738552,238754440,15888
t1158,RecvInput,238858184,238858212,28
t1013,SendDistance,238960724,238970892,10168
t1159,RecvInput,239063276,239063300,24
t1014,SendDistance,239182916,239193620,10704
t1160,RecvInput,239268380,239268408,28
t1015,SendDistance,239405108,239416116,11008
t1161,RecvInput,239473464,239473488,24
t1016,SendDistance,239627280,239638348,11068
t1162,RecvInput,239678552,239678580,28
t1163,RecvInput,239883656,239883684,28
t1017,SendDistance,239925364,239935140,9776
t1164,RecvInput,240088736,240088760,24
t1018,SendDistance,240140004,240150808,10804
t1165,RecvInput,240293816,240293840,24
t1019,SendDistance,240362184,240372940,10756
t1166,RecvInput,240498920,240498944,24
t1020,SendDistance,240584380,240593980,9600
t1167,RecvInput,240704008,240704036,28
t1021,SendDistance,240806548,240816200,9652
t1168,RecvInput,240909088,240909116,28
t1022,SendDistance,241028732,241038436,9704
t1169,RecvInput,241114196,241114220,24
t1023,SendDistance,241250924,241260556,9632
t1170,RecvInput,241319284,241319312,28
t1024,SendDistance,241473096,241482724,9628
t1171,RecvInput,241524372,241524396,24
t1172,RecvInput,241729468,241729492,24
t1025,SendDistance,241771172,241780932,9760
t1173,RecvInput,241934556,241934580,24
t1026,SendDistance,241985824,241995496,9672
t1174,RecvInput,242139636,242139660,24
t1027,SendDistance,242207996,242221424,13428
t1175,RecvInput,242344732,242344756,24
t1028,SendDistance,242430192,242439916,9724
t1176,RecvInput,242549832,242549860,28
t1029,SendDistance,242652372,242662060,9688
t1177,RecvInput,242754912,242754936,24
t1030,SendDistance,242874544,242884308,9764
t1178,RecvInput,242960008,242960032,24
t1031,SendDistance,243096740,243106476,9736
t1179,RecvInput,243165104,243165132,28
t1032,SendDistance,243318916,243328648,9732
t1180,RecvInput,243370184,243370208,24
t1181,RecvInput,243575280,243575304,24
t1033,SendDistance,243616988,243626632,9644
t1182,RecvInput,243780368,243780396,28
t1034,SendDistance,243831640,243841496,9856
t1183,RecvInput,243985452,243985480,28
t1035,SendDistance,244053812,244066604,12792
t1184,RecvInput,244190536,244190560,24
t1036,SendDistance,244275996,244285916,9920
t1185,RecvInput,244395644,244395668,24
t1037,SendDistance,244498188,244507956,9768
t1186,RecvInput,244600728,244600752,24
t1038,SendDistance,244720356,244730292,9936
t1187,RecvInput,244805816,244805840,24
t1039,SendDistance,244942548,244955348,12800
t1188,RecvInput,245010916,245010944,28
t1040,SendDistance,245164736,245174400,9664
t1189,RecvInput,245216004,245216036,32
t1190,RecvInput,245421100,245421128,28
t1041,SendDistance,245462808,245472348,9540
t1191,RecvInput,245626188,245626212,24
t1042,SendDistance,245677464,245693332,15868
t1192,RecvInput,245831276,245831304,28
t1043,SendDistance,245899636,245908924,9288
t1193,RecvInput,246036356,246036380,24
t1044,SendDistance,246121816,246131432,9616
t1194,RecvInput,246241456,246241484,28
t1045,SendDistance,246344008,246353384,9376
t1195,RecvInput,246446548,246446572,24
t1046,SendDistance,246566176,246582040,15864
t1196,RecvInput,246651624,246651648,24
t1047,SendDistance,246788352,246797892,9540
t1197,RecvInput,246856732,246856756,24
t1048,SendDistance,247010544,247020424,9880
t1198,RecvInput,247061812,247061836,24
t1199,RecvInput,247266904,247266932,28
t1049,SendDistance,247308612,247318100,9488
t1200,RecvInput,247471992,247472020,28
t1050,SendDistance,247523272,247539140,15868
t1201,RecvInput,247677096,247677120,24
t1051,SendDistance,247745452,247755056,9604
t1202,RecvInput,247882176,247882200,24
t1052,SendDistance,247967624,247977240,9616
t1203,RecvInput,248087268,248087292,24
t1053,SendDistance,248189816,248199460,9644
t1204,RecvInput,248292376,248292404,28
t1054,SendDistance,248412000,248421748,9748
t1205,RecvInput,248497452,248497476,24
t1055,SendDistance,248634172,248645216,11044
t1206,RecvInput,248702544,248702572,28
t1056,SendDistance,248856368,248866256,9888
t1207,RecvInput,248907644,248907672,28
t1208,RecvInput,249112736,249112764,28
t1057,SendDistance,249154444,249164176,9732
t1209,RecvInput,249317808,249317836,28
t1058,SendDistance,249369088,249384956,15868
t1210,RecvInput,249522916,249522940,24
t1059,SendDistance,249591276,249601392,10116
t1211,RecvInput,249727996,249728028,32
t1060,SendDistance,249813444,249823408,9964
t1212,RecvInput,249933076,249933100,24
t1061,SendDistance,250035624,250045720,10096
t1213,RecvInput,250138176,250138200,24
t1062,SendDistance,250257808,250267916,10108
t1214,RecvInput,250343256,250343280,24
t1063,SendDistance,250479976,250490204,10228
t1215,RecvInput,250548344,250548372,28
t1064,SendDistance,250702164,250712308,10144
t1216,RecvInput,250753444,250753468,24
t1217,RecvInput,250958544,250958572,28
t1065,SendDistance,251000248,251010360,10112
t1218,RecvInput,251163612,251163636,24
t1066,SendDistance,251214888,251225108,10220
t1219,RecvInput,251368708,251368732,24
t1067,SendDistance,251437080,251452972,15892
t1220,RecvInput,251573796,251573820,24
t1068,SendDistance,251659244,251669836,10592
t1221,RecvInput,251778876,251778900,24
t1069,SendDistance,251881420,251892164,10744
t1222,RecvInput,251983972,251983996,24
t1070,SendDistance,252103612,252114240,10628
t1223,RecvInput,252189060,252189084,24
t1071,SendDistance,252325776,252336192,10416
t1224,RecvInput,252394132,252394160,28
t1072,SendDistance,252547952,252559048,11096
t1225,RecvInput,252599232,252599256,24
t1226,RecvInput,252804336,252804360,24
t1073,SendDistance,252846040,252856152,10112
t1227,RecvInput,253009400,253009428,28
t1074,SendDistance,253060668,253070780,10112
t1228,RecvInput,253214492,253214520,28
t1075,SendDistance,253282860,253293016,10156
t1229,RecvInput,253419592,253419620,28
t1076,SendDistance,253505040,253516280,11240
t1230,RecvInput,253624668,253624696,28
t1077,SendDistance,253727208,253738320,11112
t1231,RecvInput,253829760,253829784,24
t1078,SendDistance,253949400,253959512,10112
t1232,RecvInput,254034860,254034884,24
t1079,SendDistance,254171580,254181684,10104
t1233,RecvInput,254239936,254239960,24
t1080,SendDistance,254393744,254403816,10072
t1234,RecvInput,254445024,254445052,28
t1235,RecvInput,254650128,254650152,24
t1081,SendDistance,254691832,254701956,10124
t1236,RecvInput,254855200,254855224,24
t1082,SendDistance,254906460,254916676,10216
t1237,RecvInput,255060264,255060292,28
t1083,SendDistance,255128632,255139692,11060
t1238,RecvInput,255265364,255265388,24
t1084,SendDistance,255350820,255360900,10080
t1239,RecvInput,255470436,255470464,28
t1085,SendDistance,255572972,255583084,10112
t1240,RecvInput,255675508,255675536,28
t1086,SendDistance,255795144,255805252,10108
t1241,RecvInput,255880604,255880628,24
t1087,SendDistance,256017328,256028384,11056
t1242,RecvInput,256085680,256085708,28
t1088,SendDistance,256239488,256250528,11040
t1243,RecvInput,256290764,256290788,24
t1244,RecvInput,256495864,256495888,24
t1089,SendDistance,256537572,256547776,10204
t1245,RecvInput,256700940,256700968,28
t1090,SendDistance,256752208,256762404,10196
t1246,RecvInput,256906012,256906036,24
t1091,SendDistance,256974376,256984404,10028
t1247,RecvInput,257111108,257111132,24
t1092,SendDistance,257196564,257206836,10272
t1248,RecvInput,257316192,257316216,24
t1093,SendDistance,257418728,257429956,11228
t1249,RecvInput,257521264,257521288,24
t7,SendWeatherData,257562972,257599288,36316
t1094,SendDistance,257640896,257652464,11568
t1250,RecvInput,257726352,257726376,24
t1095,SendDistance,257863080,257873188,10108
t1251,RecvInput,257931436,257931460,24
t1096,SendDistance,258085244,258101132,15888
t1252,RecvInput,258136512,258136540,28
t1253,RecvInput,258358692,258358720,28
t1097,SendDistance,258400408,258410492,10084
t1254,RecvInput,258563776,258563800,24
t1098,SendDistance,258615044,258625188,10144
t1255,RecvInput,258768852,258768876,24
t1099,SendDistance,258837208,258851140,13932
t1256,RecvInput,258973940,258973968,28
t1100,SendDistance,259059396,259069592,10196
t1257,RecvInput,259179036,259179064,28
t1101,SendDistance,259281576,259291904,10328
t1258,RecvInput,259384112,259384136,24
t1102,SendDistance,259503740,259514088,10348
t1259,RecvInput,259589200,259589224,24
t1103,SendDistance,259725928,259736244,10316
t1260,RecvInput,259794296,259794324,28
t1104,SendDistance,259948108,259958532,10424
t1261,RecvInput,259999372,259999396,24
t1262,RecvInput,260204464,260204488,24
t1105,SendDistance,260246172,260256388,10216
t1263,RecvInput,260409548,260409576,28
t1106,SendDistance,260460816,260471096,10280
t1264,RecvInput,260614620,260614648,28
t1107,SendDistance,260682976,260693216,10240
t1265,RecvInput,260819696,260819724,28
t1108,SendDistance,260905152,260915344,10192
t1266,RecvInput,261024796,261024820,24
t1109,SendDistance,261127328,261138492,11164
t1267,RecvInput,261229864,261229888,24
t1110,SendDistance,261349488,261359624,10136
t1268,RecvInput,261434940,261434964,24
t1111,SendDistance,261571668,261587512,15844
t1269,RecvInput,261640036,261640060,24
t1112,SendDistance,261793852,261803960,10108
t1270,RecvInput,261845120,261845144,24
t1271,RecvInput,262050212,262050236,24
t1113,SendDistance,262091924,262103092,11168
t1272,RecvInput,262255304,262255328,24
t1114,SendDistance,262306576,262317592,11016
t1273,RecvInput,262460388,262460416,28
t1115,SendDistance,262528748,262539840,11092
t1274,RecvInput,262665464,262665488,24
t1116,SendDistance,262750920,262761072,10152
t1275,RecvInput,262870564,262870588,24
t1117,SendDistance,262973112,262984180,11068
t1276,RecvInput,263075648,263075672,24
t1118,SendDistance,263195276,263205440,10164
t1277,RecvInput,263280724,263280752,28
t1119,SendDistance,263417452,263427636,10184
t1278,RecvInput,263485820,263485844,24
t1120,SendDistance,263639640,263649856,10216
t1279,RecvInput,263690904,263690928,24
t1280,RecvInput,263895992,263896016,24
t1121,SendDistance,263937704,263947960,10256
t1281,RecvInput,264101072,264101100,28
t1122,SendDistance,264152348,264162628,10280
t1282,RecvInput,264306172,264306196,24
t1123,SendDistance,264374524,264384800,10276
t1283,RecvInput,264511244,264511268,24
t1124,SendDistance,264596692,264606904,10212
t1284,RecvInput,264716340,264716364,24
t1125,SendDistance,264818888,264829124,10236
t1285,RecvInput,264921440,264921464,24
t1126,SendDistance,265041068,265052180,11112
t1286,RecvInput,265126516,265126540,24
t1127,SendDistance,265263236,265274296,11060
t1287,RecvInput,265331608,265331636,28
t1128,SendDistance,265485432,265501356,15924
t1288,RecvInput,265536708,265536740,32
t1289,RecvInput,265758888,265758912,24
t1129,SendDistance,265800592,265811612,11020
t1290,RecvInput,265963960,265963984,24
t1130,SendDistance,266015236,266025348,10112
t1291,RecvInput,266169060,266169084,24
t1131,SendDistance,266237416,266247424,10008
t1292,RecvInput,266374132,266374164,32
t1132,SendDistance,266459580,266469660,10080
t1293,RecvInput,266579216,266579244,28
t1133,SendDistance,266681764,266691908,10144
t1294,RecvInput,266784316,266784340,24
t1134,SendDistance,266903948,266914104,10156
t1295,RecvInput,266989396,266989420,24
t1135,SendDistance,267126116,267137184,11068
t1296,RecvInput,267194484,267194508,24
t1136,SendDistance,267348304,267358652,10348
t1297,RecvInput,267399584,267399608,24
t1298,RecvInput,267604680,267604708,28
t1137,SendDistance,267646384,267662164,15780
t1299,RecvInput,267809748,267809772,24
t1138,SendDistance,267878112,267894004,15892
t1300,RecvInput,268014848,268014876,28
t1139,SendDistance,268100308,268111520,11212
t1301,RecvInput,268219936,268219960,24
t1140,SendDistance,268322472,268332704,10232
t1302,RecvInput,268425012,268425040,28
t1141,SendDistance,268544652,268555772,11120
t1303,RecvInput,268630112,268630140,28
t1142,SendDistance,268766840,268777980,11140
t1304,RecvInput,268835200,268835224,24
t1143,SendDistance,268989008,269000176,11168
t1305,RecvInput,269040276,269040300,24
t1306,RecvInput,269245376,269245404,28
t1144,SendDistance,269287088,269298224,11136
t1307,RecvInput,269450464,269450488,24
t1145,SendDistance,269501732,269512832,11100
t1308,RecvInput,269655540,269655564,24
t1146,SendDistance,269723900,269734948,11048
t1309,RecvInput,269860632,269860660,28
t1147,SendDistance,269946092,269956324,10232
t1310,RecvInput,270065732,270065756,24
t1148,SendDistance,270168272,270179392,11120
t1311,RecvInput,270270808,270270832,24
t1149,SendDistance,270390436,270401576,11140
t1312,RecvInput,270475896,270475920,24
t1150,SendDistance,270612624,270623796,11172
t1313,RecvInput,270680988,270681012,24
t1151,SendDistance,270834796,270845032,10236
t1314,RecvInput,270886064,270886088,24
t1315,RecvInput,271091152,271091180,28
t1152,SendDistance,271132868,271143044,10176
t1316,RecvInput,271296240,271296264,24
t1153,SendDistance,271347508,271358544,11036
t1317,RecvInput,271501320,271501348,28
t1154,SendDistance,271569672,271579908,10236
t1318,RecvInput,271706396,271706420,24
t1155,SendDistance,271791848,271802156,10308
t1319,RecvInput,271911488,271911512,24
t1156,SendDistance,272014024,272025172,11148
t1320,RecvInput,272116556,272116584,28
t1157,SendDistance,272236184,272246756,10572
t1321,RecvInput,272321640,272321664,24
t1158,SendDistance,272458368,272468536,10168
t1322,RecvInput,272526740,272526764,24
t1159,SendDistance,272680552,272690656,10104
t1323,RecvInput,272731816,272731844,28
t1324,RecvInput,272936908,272936932,24
t1160,SendDistance,272978620,272988744,10124
t1325,RecvInput,273141992,273142016,24
t1161,SendDistance,273193264,273203324,10060
t1326,RecvInput,273347068,273347096,28
t1162,SendDistance,273415424,273425572,10148
t1327,RecvInput,273552140,273552164,24
t1163,SendDistance,273637596,273647740,10144
t1328,RecvInput,273757240,273757264,24
t1164,SendDistance,273859784,273869884,10100
t1329,RecvInput,273962320,273962344,24
t1165,SendDistance,274081948,274092028,10080
t1330,RecvInput,274167388,274167416,28
t1166,SendDistance,274304112,274314252,10140
t1331,RecvInput,274372476,274372504,28
t1167,SendDistance,274526292,274536472,10180
t1332,RecvInput,274577556,274577580,24
t1333,RecvInput,274782644,274782668,24
t1168,SendDistance,274824348,274834616,10268
t1334,RecvInput,274987720,274987744,24
t1169,SendDistance,275038992,275049232,10240
t1335,RecvInput,275192808,275192840,32
t1170,SendDistance,275261160,275271296,10136
t1336,RecvInput,275397876,275397900,24
t1171,SendDistance,275483324,275499148,15824
t1337,RecvInput,275602960,275602984,24
t1172,SendDistance,275705504,275715664,10160
t1338,RecvInput,275808044,275808072,28
t1173,SendDistance,275927672,275943568,15896
t1339,RecvInput,276013112,276013140,28
t1174,SendDistance,276149828,276165644,15816
t1340,RecvInput,276218196,276218220,24
t1175,SendDistance,276372012,276382240,10228
t1341,RecvInput,276423280,276423304,24
t1342,RecvInput,276628368,276628392,24
t1176,SendDistance,276670072,276680252,10180
t1343,RecvInput,276833420,276833448,28
t1177,SendDistance,276884696,276900588,15892
t1344,RecvInput,277038512,277038536,24
t1178,SendDistance,277106864,277122680,15816
t1345,RecvInput,277243576,277243600,24
t1179,SendDistance,277329020,277339596,10576
t1346,RecvInput,277448648,277448676,28
t1180,SendDistance,277551192,277567084,15892
t1347,RecvInput,277653740,277653764,24
t1181,SendDistance,277773368,277784484,11116
t1348,RecvInput,277858808,277858836,28
t1182,SendDistance,277995532,278011372,15840
t1349,RecvInput,278063888,278063912,24
t1183,SendDistance,278217700,278228084,10384
t1350,RecvInput,278268972,278269000,28
t1351,RecvInput,278474068,278474092,24
t1184,SendDistance,278515776,278531592,15816
t1352,RecvInput,278679124,278679148,24
t1185,SendDistance,278747488,278758560,11072
t1353,RecvInput,278884216,278884240,24
t1186,SendDistance,278969668,278980888,11220
t1354,RecvInput,279089292,279089316,24
t1187,SendDistance,279191828,279201924,10096
t1355,RecvInput,279294360,279294388,28
t1188,SendDistance,279413996,279424032,10036
t1356,RecvInput,279499452,279499476,24
t1189,SendDistance,279636176,279646240,10064
t1357,RecvInput,279704532,279704556,24
t1190,SendDistance,279858336,279868460,10124
t1358,RecvInput,279909600,279909628,28
t1359,RecvInput,280114700,280114724,24
t1191,SendDistance,280156412,280166836,10424
t1360,RecvInput,280319780,280319804,24
t1192,SendDistance,280371044,280381404,10360
t1361,RecvInput,280524848,280524872,24
t1193,SendDistance,280593204,280603508,10304
t1362,RecvInput,280729932,280729956,24
t1194,SendDistance,280815384,280825872,10488
t1363,RecvInput,280935024,280935048,24
t1195,SendDistance,281037560,281047952,10392
t1364,RecvInput,281140092,281140116,24
t1196,SendDistance,281259720,281275580,15860
t1365,RecvInput,281345176,281345200,24
t1197,SendDistance,281481904,281497764,15860
t1366,RecvInput,281550264,281550288,24
t1198,SendDistance,281704072,281714148,10076
t1367,RecvInput,281755332,281755356,24
t1368,RecvInput,281960420,281960452,32
t1199,SendDistance,282002140,282013304,11164
t1369,RecvInput,282165500,282165524,24
t1200,SendDistance,282216764,282227040,10276
t1370,RecvInput,282370564,282370592,28
t1201,SendDistance,282438920,282449288,10368
t1371,RecvInput,282575636,282575660,24
t1202,SendDistance,282661088,282671328,10240
t1372,RecvInput,282780728,282780752,24
t1203,SendDistance,282883264,282894380,11116
t1373,RecvInput,282985796,282985824,28
t1374,RecvInput,283190876,283190904,28
t1204,SendDistance,283105424,283251880,146456
t1375,RecvInput,283395968,283395992,24
t1205,SendDistance,283464328,283474804,10476
t1376,RecvInput,283601040,283601068,28
t1206,SendDistance,283686488,283697652,11164
t1377,RecvInput,283806108,283806136,28
t1207,SendDistance,283908656,283919104,10448
t1378,RecvInput,284011204,284011228,24
t1208,SendDistance,284130836,284141184,10348
t1379,RecvInput,284216280,284216308,28
t1209,SendDistance,284352996,284363340,10344
t1380,RecvInput,284421348,284421372,24
t1210,SendDistance,284575164,284585396,10232
t1381,RecvInput,284626436,284626464,28
t1382,RecvInput,284831532,284831560,28
t1211,SendDistance,284873244,284883432,10188
t1383,RecvInput,285036588,285036616,28
t1212,SendDistance,285087860,285098088,10228
t1384,RecvInput,285241680,285241704,24
t1213,SendDistance,285310040,285320284,10244
t1385,RecvInput,285446764,285446792,28
t1214,SendDistance,285532212,285542440,10228
t1386,RecvInput,285651832,285651860,28
t1215,SendDistance,285754380,285764560,10180
t1387,RecvInput,285856916,285856944,28
t1216,SendDistance,285976552,285986768,10216
t1388,RecvInput,286061992,286062020,28
t1217,SendDistance,286198708,286208860,10152
t1389,RecvInput,286267056,286267080,24
t1218,SendDistance,286420860,286431016,10156
t1390,RecvInput,286472132,286472160,28
t1391,RecvInput,286677232,286677256,24
t1219,SendDistance,286718944,286729120,10176
t1392,RecvInput,286882284,286882308,24
t1220,SendDistance,286933548,286943724,10176
t1393,RecvInput,287087356,287087384,28
t1221,SendDistance,287155720,287166000,10280
t1394,RecvInput,287292456,287292480,24
t1222,SendDistance,287377892,287388000,10108
t1395,RecvInput,287497520,287497544,24
t1223,SendDistance,287600052,287610196,10144
t1396,RecvInput,287702600,287702628,28
t1224,SendDistance,287822236,287832340,10104
t1397,RecvInput,287907692,287907716,24
t1225,SendDistance,288044408,288054548,10140
t1398,RecvInput,288112760,288112788,28
t1226,SendDistance,288266568,288276628,10060
t1399,RecvInput,288317844,288317868,24
t1400,RecvInput,288522944,288522968,24
t1227,SendDistance,288564644,288580488,15844
t1401,RecvInput,288728004,288728028,24
t1228,SendDistance,288796356,288806560,10204
t1402,RecvInput,288933068,288933096,28
t1229,SendDistance,289018524,289028624,10100
t1403,RecvInput,289138156,289138184,28
t1230,SendDistance,289240700,289250836,10136
t1404,RecvInput,289343232,289343260,28
t1231,SendDistance,289462856,289472980,10124
t1405,RecvInput,289548308,289548332,24
t8,SendWeatherData,289599572,289635944,36372
t1232,SendDistance,289685024,289695148,10124
t1406,RecvInput,289753384,289753412,28
t1233,SendDistance,289907200,289917408,10208
t1407,RecvInput,289958460,289958488,28
t1408,RecvInput,290163548,290163572,24
t1234,SendDistance,290205256,290215488,10232
t1409,RecvInput,290368620,290368648,28
t1235,SendDistance,290419896,290435760,15864
t1410,RecvInput,290573708,290573732,24
t1236,SendDistance,290642064,290652260,10196
t1411,RecvInput,290778772,290778796,24
t1237,SendDistance,290864220,290874432,10212
t1412,RecvInput,290983856,290983880,24
t1238,SendDistance,291086396,291097432,11036
t1413,RecvInput,291188932,291188956,24
t1239,SendDistance,291308564,291318796,10232
t1414,RecvInput,291393996,291394020,24
t1240,SendDistance,291530712,291540968,10256
t1415,RecvInput,291599076,291599100,24
t1241,SendDistance,291752888,291763124,10236
t1416,RecvInput,291804148,291804180,32
t1417,RecvInput,292009236,292009260,24
t1242,SendDistance,292050952,292062072,11120
t1418,RecvInput,292214296,292214320,24
t1243,SendDistance,292265568,292370276,104708
t1419,RecvInput,292419376,292419400,24
t1244,SendDistance,292573180,292583268,10088
t1420,RecvInput,292624440,292624464,24
t1421,RecvInput,292829524,292829548,24
t1245,SendDistance,292871232,292881448,10216
t1422,RecvInput,293034600,293034628,28
t1246,SendDistance,293085864,293096144,10280
t1423,RecvInput,293239664,293239688,24
t1247,SendDistance,293308016,293318208,10192
t1424,RecvInput,293444732,293444760,28
t1248,SendDistance,293530188,293540328,10140
t1425,RecvInput,293649820,293649844,24
t1249,SendDistance,293752356,293762640,10284
t1426,RecvInput,293854884,293854908,24
t1250,SendDistance,293974508,293984628,10120
t1427,RecvInput,294059956,294059980,24
t1251,SendDistance,294196676,294206772,10096
t1428,RecvInput,294265040,294265064,24
t1252,SendDistance,294418852,294428968,10116
t1429,RecvInput,294470112,294470136,24
t1430,RecvInput,294675196,294675220,24
t1253,SendDistance,294716908,294727020,10112
t1431,RecvInput,294880272,294880296,24
t1254,SendDistance,294931536,294941676,10140
t1432,RecvInput,295085340,295085364,24
t1255,SendDistance,295153700,295163792,10092
t1433,RecvInput,295290404,295290428,24
t1256,SendDistance,295375856,295386004,10148
t1434,RecvInput,295495488,295495512,24
t1257,SendDistance,295598028,295608172,10144
t1435,RecvInput,295700560,295700584,24
t1258,SendDistance,295820184,295830304,10120
t1436,RecvInput,295905628,295905652,24
t1259,SendDistance,296042348,296052524,10176
t1437,RecvInput,296110708,296110736,28
t1260,SendDistance,296264524,296280364,15840
t1438,RecvInput,296315780,296315808,28
t1439,RecvInput,296537956,296537980,24
t1261,SendDistance,296579664,296589684,10020
t1440,RecvInput,296743028,296743052,24
t1262,SendDistance,296794296,296810164,15868
t1441,RecvInput,296948112,296948136,24
t1263,SendDistance,297016464,297026356,9892
t1442,RecvInput,297153172,297153200,28
t1264,SendDistance,297238620,297248628,10008
t1443,RecvInput,297358252,297358280,28
t1265,SendDistance,297460796,297470876,10080
t1444,RecvInput,297563336,297563360,24
t1266,SendDistance,297682968,297693020,10052
t1445,RecvInput,297768400,297768424,24
t1267,SendDistance,297905112,297915216,10104
t1446,RecvInput,297973476,297973500,24
t1268,SendDistance,298127288,298137256,9968
t1447,RecvInput,298178548,298178580,32
t1448,RecvInput,298383628,298383656,28
t1269,SendDistance,298425340,298435284,9944
t1449,RecvInput,298588680,298588708,28
t1270,SendDistance,298639948,298649888,9940
t1450,RecvInput,298793760,298793788,28
t1271,SendDistance,298862112,298872096,9984
t1451,RecvInput,298998824,298998848,24
t1272,SendDistance,299084264,299094280,10016
t1452,RecvInput,299203892,299203916,24
t1273,SendDistance,299306432,299317528,11096
t1453,RecvInput,299408972,299409000,28
t1274,SendDistance,299528600,299538620,10020
t1454,RecvInput,299614040,299614064,24
t1275,SendDistance,299750752,299760748,9996
t1455,RecvInput,299819112,299819136,24
t1276,SendDistance,299972924,299983192,10268
t1456,RecvInput,300024196,300024220,24
t1457,RecvInput,300229284,300229312,28
t1277,SendDistance,300270988,300281112,10124
t1458,RecvInput,300434340,300434364,24
t1278,SendDistance,300485612,300495744,10132
t1459,RecvInput,300639424,300639448,24
t1279,SendDistance,300707784,300717848,10064
t1460,RecvInput,300844496,300844524,28
t1280,SendDistance,300929940,300940056,10116
t1461,RecvInput,301049564,301049588,24
t1281,SendDistance,301152104,301162216,10112
t1462,RecvInput,301254648,301254680,32
t1282,SendDistance,301374280,301384384,10104
t1463,RecvInput,301459720,301459744,24
t1283,SendDistance,301596436,301606516,10080
t1464,RecvInput,301664784,301664808,24
t1284,SendDistance,301818596,301828724,10128
t1465,RecvInput,301869868,301869892,24
t1466,RecvInput,302074964,302074988,24
t1285,SendDistance,302116676,302126736,10060
t1467,RecvInput,302280012,302280036,24
t1286,SendDistance,302331280,302341392,10112
t1468,RecvInput,302485092,302485120,28
t1287,SendDistance,302553456,302563616,10160
t1469,RecvInput,302690176,302690204,28
t1288,SendDistance,302775620,302785720,10100
t1470,RecvInput,302895240,302895268,28
t1289,SendDistance,302997772,303007824,10052
t1471,RecvInput,303100316,303100344,28
t1290,SendDistance,303219948,303230060,10112
t1472,RecvInput,303305400,303305424,24
t1291,SendDistance,303442116,303452204,10088
t1473,RecvInput,303510464,303510488,24
t1292,SendDistance,303664268,303674336,10068
t1474,RecvInput,303715540,303715564,24
t1475,RecvInput,303920632,303920660,28
t1293,SendDistance,303962340,303972372,10032
t1476,RecvInput,304125684,304125708,24
t1294,SendDistance,304176944,304187028,10084
t1477,RecvInput,304330748,304330780,32
t1295,SendDistance,304399108,304409200,10092
t1478,RecvInput,304535832,304535860,28
t1296,SendDistance,304621276,304632448,11172
t1479,RecvInput,304740896,304740924,28
t1297,SendDistance,304843432,304853472,10040
t1480,RecvInput,304945972,304945996,24
t1298,SendDistance,305065604,305075748,10144
t1481,RecvInput,305151056,305151080,24
t1299,SendDistance,305287776,305298048,10272
t1482,RecvInput,305356124,305356148,24
t1300,SendDistance,305509924,305525872,15948
t1483,RecvInput,305561196,305561220,24
t1484,RecvInput,305783380,305783404,24
t1301,SendDistance,305825084,305835144,10060
t1485,RecvInput,305988436,305988464,28
t1302,SendDistance,306039700,306049824,10124
t1486,RecvInput,306193500,306193524,24
t1303,SendDistance,306261860,306272020,10160
t1487,RecvInput,306398584,306398608,24
t1304,SendDistance,306484036,306494140,10104
t1488,RecvInput,306603652,306603680,28
t1305,SendDistance,306706184,306716268,10084
t1489,RecvInput,306808708,306808736,28
t1306,SendDistance,306928340,306938452,10112
t1490,RecvInput,307013788,307013816,28
t1307,SendDistance,307150512,307160596,10084
t1491,RecvInput,307218860,307218884,24
t1308,SendDistance,307372660,307382976,10316
t1492,RecvInput,307423920,307423944,24
t1493,RecvInput,307629012,307629036,24
t1309,SendDistance,307670732,307686552,15820
t1494,RecvInput,307834084,307834108,24
t1310,SendDistance,307902436,307918248,15812
t1495,RecvInput,308039140,308039168,28
t1311,SendDistance,308124588,308140460,15872
t1496,RecvInput,308244220,308244244,24
t1312,SendDistance,308346760,308356936,10176
t1497,RecvInput,308449300,308449324,24
t1313,SendDistance,308568916,308579028,10112
t1498,RecvInput,308654352,308654376,24
t1314,SendDistance,308791064,308802276,11212
t1499,RecvInput,308859424,308859448,24
t1315,SendDistance,309013236,309023340,10104
t1500,RecvInput,309064496,309064520,24
t1501,RecvInput,309269580,309269604,24
t1316,SendDistance,309311292,309321484,10192
t1502,RecvInput,309474632,309474656,24
t1317,SendDistance,309525900,309541792,15892
t1503,RecvInput,309679708,309679736,28
t1318,SendDistance,309748064,309758204,10140
t1504,RecvInput,309884772,309884796,24
t1319,SendDistance,309970216,309980284,10068
t1505,RecvInput,310089844,310089872,28
t1320,SendDistance,310192384,310202544,10160
t1506,RecvInput,310294928,310294952,24
t1321,SendDistance,310414552,310430368,15816
t1507,RecvInput,310499988,310500012,24
t1322,SendDistance,310636704,310647820,11116
t1508,RecvInput,310705064,310705088,24
t1323,SendDistance,310858876,310869992,11116
t1509,RecvInput,310910148,310910172,24
t1510,RecvInput,311115236,311115260,24
t1324,SendDistance,311156940,311167936,10996
t1511,RecvInput,311320284,311320312,28
t1325,SendDistance,311371556,311381684,10128
t1512,RecvInput,311525368,311525396,28
t1326,SendDistance,311593724,311603816,10092
t1513,RecvInput,311730432,311730460,28
t1327,SendDistance,311815876,311831768,15892
t1514,RecvInput,311935492,311935516,24
t1328,SendDistance,312038032,312053848,15816
t1515,RecvInput,312140572,312140596,24
t1329,SendDistance,312260204,312270272,10068
t1516,RecvInput,312345644,312345668,24
t1330,SendDistance,312482356,312492468,10112
t1517,RecvInput,312550704,312550728,24
t1331,SendDistance,312704516,312714640,10124
t1518,RecvInput,312755784,312755812,28
t1519,RecvInput,312960876,312960904,28
t1332,SendDistance,313002592,313012636,10044
t1520,RecvInput,313165928,313165952,24
t1333,SendDistance,313217192,313227292,10100
t1521,RecvInput,313371008,313371032,24
t1334,SendDistance,313439368,313449464,10096
t1522,RecvInput,313576088,313576116,28
t1335,SendDistance,313661532,313671580,10048
t1523,RecvInput,313781152,313781176,24
t1336,SendDistance,313883688,313893556,9868
t1524,RecvInput,313986224,313986252,28
t1337,SendDistance,314105864,314115584,9720
t1525,RecvInput,314191300,314191328,28
t1338,SendDistance,314328016,314337832,9816
t1526,RecvInput,314396364,314396388,24
t1339,SendDistance,314550164,314560068,9904
t1527,RecvInput,314601436,314601460,24
t1528,RecvInput,314806528,314806556,28
t1340,SendDistance,314848240,314858184,9944
t1529,RecvInput,315011580,315011604,24
t1341,SendDistance,315062844,315078688,15844
t1530,RecvInput,315216644,315216672,28
t1342,SendDistance,315285008,315294904,9896
t1531,RecvInput,315421736,315421760,24
t1343,SendDistance,315507176,315517088,9912
t1532,RecvInput,315626796,315626820,24
t1344,SendDistance,315729328,315739220,9892
t1533,RecvInput,315831868,315831896,28
t1345,SendDistance,315951500,315961416,9916
t1534,RecvInput,316036952,316036976,24
t1346,SendDistance,316173672,316183532,9860
t1535,RecvInput,316242016,316242044,28
t1347,SendDistance,316395820,316411564,15744
t1536,RecvInput,316447092,316447116,24
t1537,RecvInput,316669276,316669300,24
t1348,SendDistance,316710984,316720836,9852
t1538,RecvInput,316874332,316874356,24
t1349,SendDistance,316925592,316935464,9872
t1539,RecvInput,317079392,317079416,24
t1350,SendDistance,317147752,317157596,9844
t1540,RecvInput,317284472,317284500,28
t1351,SendDistance,317369924,317379844,9920
t1541,RecvInput,317489544,317489568,24
t1352,SendDistance,317592076,317607916,15840
t1542,RecvInput,317694604,317694628,24
t1353,SendDistance,317814236,317824172,9936
t1543,RecvInput,317899688,317899712,24
t1354,SendDistance,318036408,318046276,9868
t1544,RecvInput,318104756,318104784,28
t1355,SendDistance,318258560,318268460,9900
t1545,RecvInput,318309824,318309852,28
t1546,RecvInput,318514920,318514944,24
t1356,SendDistance,318556632,318566524,9892
t1547,RecvInput,318719988,318720020,32
t1357,SendDistance,318771252,318781204,9952
t1548,RecvInput,318925052,318925076,24
t1358,SendDistance,318993412,319003260,9848
t1549,RecvInput,319130128,319130156,28
t1359,SendDistance,319215580,319225884,10304
t1550,RecvInput,319335208,319335232,24
t1360,SendDistance,319437740,319447652,9912
t1551,RecvInput,319540268,319540292,24
t1361,SendDistance,319659896,319669704,9808
t1552,RecvInput,319745348,319745372,24
t1362,SendDistance,319882068,319892016,9948
t1553,RecvInput,319950416,319950444,28
t1363,SendDistance,320104220,320114096,9876
t1554,RecvInput,320155476,320155500,24
t1555,RecvInput,320360560,320360584,24
t1364,SendDistance,320402268,320412160,9892
t1556,RecvInput,320565628,320565656,28
t1365,SendDistance,320616888,320626840,9952
t1557,RecvInput,320770684,320770708,24
t1366,SendDistance,320839036,320849024,9988
t1558,RecvInput,320975752,320975776,24
t1367,SendDistance,321061200,321071156,9956
t1559,RecvInput,321180832,321180856,24
t1368,SendDistance,321283364,321293324,9960
t1560,RecvInput,321385888,321385916,28
t1369,SendDistance,321505508,321515468,9960
t1561,RecvInput,321590960,321590984,24
t9,SendWeatherData,321642228,321678540,36312
t1370,SendDistance,321727672,321743568,15896
t1562,RecvInput,321796028,321796056,28
t1371,SendDistance,321949836,321959652,9816
t1563,RecvInput,322001092,322001120,28
t1564,RecvInput,322206176,322206204,28
t1372,SendDistance,322247892,322263788,15896
t1565,RecvInput,322411248,322411276,28
t1373,SendDistance,322479608,322489664,10056
t1566,RecvInput,322616316,322616348,32
t1374,SendDistance,322701760,322711964,10204
t1567,RecvInput,322821376,322821400,24
t1375,SendDistance,322923916,322939816,15900
t1568,RecvInput,323026452,323026480,28
t1376,SendDistance,323146084,323155848,9764
t1569,RecvInput,323231520,323231548,28
t1377,SendDistance,323368236,323384076,15840
t1570,RecvInput,323436588,323436612,24
t1378,SendDistance,323590400,323600268,9868
t1571,RecvInput,323641672,323641696,24
t1572,RecvInput,323846764,323846788,24
t1379,SendDistance,323888464,323898420,9956
t1573,RecvInput,324051812,324051836,24
t1380,SendDistance,324103080,324113144,10064
t1574,RecvInput,324256896,324256920,24
t1381,SendDistance,324325256,324335260,10004
t1575,RecvInput,324461976,324462000,24
t1382,SendDistance,324547416,324563280,15864
t1576,RecvInput,324667036,324667060,24
t1383,SendDistance,324769568,324779716,10148
t1577,RecvInput,324872112,324872136,24
t1384,SendDistance,324991744,325001756,10012
t1578,RecvInput,325077184,325077212,28
t1385,SendDistance,325213896,325223900,10004
t1579,RecvInput,325282244,325282268,24
t1386,SendDistance,325436048,325446112,10064
t1580,RecvInput,325487316,325487344,28
t1581,RecvInput,325692412,325692444,32
t1387,SendDistance,325734128,325744188,10060
t1582,RecvInput,325897464,325897488,24
t1388,SendDistance,325948724,325959664,10940
t1583,RecvInput,326102532,326102556,24
t1389,SendDistance,326170892,326181832,10940
t1584,RecvInput,326307616,326307640,24
t1390,SendDistance,326393056,326403924,10868
t1585,RecvInput,326512680,326512704,24
t1391,SendDistance,326615208,326626200,10992
t1586,RecvInput,326717748,326717772,24
t1392,SendDistance,326837376,326847496,10120
t1587,RecvInput,326922832,326922856,24
t1393,SendDistance,327059544,327069536,9992
t1588,RecvInput,327127892,327127920,28
t1394,SendDistance,327281700,327291748,10048
t1589,RecvInput,327332968,327332992,24
t1590,RecvInput,327538064,327538088,24
t1395,SendDistance,327579776,327589808,10032
t1591,RecvInput,327743124,327743148,24
t1396,SendDistance,327794384,327804388,10004
t1592,RecvInput,327948184,327948212,28
t1397,SendDistance,328016548,328026584,10036
t1593,RecvInput,328153268,328153296,28
t1398,SendDistance,328238724,328248716,9992
t1594,RecvInput,328358340,328358368,28
t1399,SendDistance,328460876,328470872,9996
t1595,RecvInput,328563404,328563428,24
t1400,SendDistance,328683036,328693132,10096
t1596,RecvInput,328768484,328768516,32
t1401,SendDistance,328905208,328915316,10108
t1597,RecvInput,328973556,328973580,24
t1402,SendDistance,329127360,329137332,9972
t1598,RecvInput,329178620,329178644,24
t1599,RecvInput,329383712,329383740,28
t1403,SendDistance,329425424,329435444,10020
t1600,RecvInput,329588784,329588812,28
t1404,SendDistance,329640048,329650012,9964
t1601,RecvInput,329793848,329793872,24
t1405,SendDistance,329862204,329878032,15828
t1602,RecvInput,329998928,329998956,28
t1406,SendDistance,330084388,330095456,11068
t1603,RecvInput,330204012,330204036,24
t1407,SendDistance,330306544,330316496,9952
t1604,RecvInput,330409072,330409096,24
t1408,SendDistance,330528696,330538756,10060
t1605,RecvInput,330614148,330614172,24
t1409,SendDistance,330750872,330766672,15800
t1606,RecvInput,330819224,330819248,24
t1410,SendDistance,330973028,330988880,15852
t1607,RecvInput,331024296,331024320,24
t1608,RecvInput,331246464,331246488,24
t1411,SendDistance,331288168,331303988,15820
t1609,RecvInput,331451540,331451564,24
t1412,SendDistance,331519892,331535712,15820
t1610,RecvInput,331656600,331656624,24
t1413,SendDistance,331742040,331757872,15832
t1611,RecvInput,331861676,331861700,24
t1414,SendDistance,331964216,331980068,15852
t1612,RecvInput,332066756,332066784,28
t1415,SendDistance,332186380,332202276,15896
t1613,RecvInput,332271816,332271844,28
t1416,SendDistance,332408532,332424408,15876
t1614,RecvInput,332476892,332476920,28
t1417,SendDistance,332630704,332646552,15848
t1615,RecvInput,332681976,332682004,28
t1616,RecvInput,332904152,332904180,28
t1418,SendDistance,332945864,332961684,15820
t1617,RecvInput,333109204,333109232,28
t1419,SendDistance,333177568,333193384,15816
t1618,RecvInput,333314292,333314316,24
t1420,SendDistance,333399736,333415632,15896
t1619,RecvInput,333519352,333519380,28
t1421,SendDistance,333621888,333637760,15872
t1620,RecvInput,333724424,333724448,24
t1422,SendDistance,333844056,333859880,15824
t1621,RecvInput,333929512,333929536,24
t1423,SendDistance,334066232,334082076,15844
t1622,RecvInput,334134580,334134604,24
t1424,SendDistance,334288384,334304296,15912
t1623,RecvInput,334339652,334339688,36
t1624,RecvInput,334561836,334561864,28
t1425,SendDistance,334603548,334617092,13544
t1625,RecvInput,334766896,334766920,24
t1426,SendDistance,334835248,334851116,15868
t1626,RecvInput,334971960,334971984,24
t1427,SendDistance,335057412,335073312,15900
t1627,RecvInput,335177044,335177068,24
t1428,SendDistance,335279588,335295404,15816
t1628,RecvInput,335382116,335382144,28
t1429,SendDistance,335501740,335517560,15820
t1629,RecvInput,335587180,335587204,24
t1430,SendDistance,335723900,335739720,15820
t1630,RecvInput,335792268,335792292,24
t1431,SendDistance,335946080,335961928,15848
t1631,RecvInput,335997340,335997368,28
t1632,RecvInput,336219516,336219540,24
t1432,SendDistance,336261228,336277048,15820
t1633,RecvInput,336424588,336424612,24
t1433,SendDistance,336492948,336508824,15876
t1634,RecvInput,336629668,336629692,24
t1434,SendDistance,336715108,336730928,15820
t1635,RecvInput,336834724,336834752,28
t1435,SendDistance,336937264,336953164,15900
t1636,RecvInput,337039808,337039836,28
t1436,SendDistance,337159440,337170356,10916
t1637,RecvInput,337244876,337244904,28
t1437,SendDistance,337381592,337397440,15848
t1638,RecvInput,337449936,337449964,28
t1438,SendDistance,337603744,337619636,15892
t1639,RecvInput,337655024,337655048,24
t1640,RecvInput,337877200,337877228,28
t1439,SendDistance,337918912,337934780,15868
t1641,RecvInput,338082252,338082280,28
t1440,SendDistance,338150608,338166480,15872
t1642,RecvInput,338287332,338287356,24
t1441,SendDistance,338372784,338388624,15840
t1643,RecvInput,338492424,338492448,24
t1442,SendDistance,338594952,338610796,15844
t1644,RecvInput,338697480,338697508,28
t1443,SendDistance,338817108,338832976,15868
t1645,RecvInput,338902560,338902584,24
t1444,SendDistance,339039284,339055148,15864
t1646,RecvInput,339107640,339107664,24
t1445,SendDistance,339261452,339277292,15840
t1647,RecvInput,339312704,339312732,28
t1648,RecvInput,339534884,339534912,28
t1446,SendDistance,339576592,339592412,15820
t1649,RecvInput,339739948,339739976,28
t1447,SendDistance,339808304,339824148,15844
t1650,RecvInput,339945008,339945032,24
t1448,SendDistance,340030452,340046332,15880
t1651,RecvInput,340150076,340150104,28
t1449,SendDistance,340252620,340268436,15816
t1652,RecvInput,340355160,340355184,24
t1450,SendDistance,340474784,340490632,15848
t1653,RecvInput,340560224,340560248,24
t1451,SendDistance,340696936,340712828,15892
t1654,RecvInput,340765296,340765324,28
t1452,SendDistance,340919112,340935012,15900
t1655,RecvInput,340970384,340970416,32
t1656,RecvInput,341192564,341192588,24
t1453,SendDistance,341234276,341250144,15868
t1657,RecvInput,341397612,341397640,28
t1454,SendDistance,341465976,341481792,15816
t1658,RecvInput,341602700,341602728,28
t1455,SendDistance,341688152,341703976,15824
t1659,RecvInput,341807772,341807796,24
t1456,SendDistance,341910304,341926172,15868
t1660,RecvInput,342012832,342012860,28
t1457,SendDistance,342132464,342148380,15916
t1661,RecvInput,342217916,342217940,24
t1458,SendDistance,342354640,342370512,15872
t1662,RecvInput,342422988,342423012,24
t1459,SendDistance,342576792,342592680,15888
t1663,RecvInput,342628064,342628092,28
t1664,RecvInput,342850244,342850268,24
t1460,SendDistance,342891956,342907776,15820
t1665,RecvInput,343055308,343055332,24
t1461,SendDistance,343123660,343139488,15828
t1666,RecvInput,343260368,343260392,24
t1462,SendDistance,343345820,343361620,15800
t1667,RecvInput,343465452,343465476,24
t1463,SendDistance,343567992,343583816,15824
t1668,RecvInput,343670516,343670544,28
t1464,SendDistance,343790140,343805960,15820
t1669,RecvInput,343875576,343875608,32
t1465,SendDistance,344012296,344028140,15844
t1670,RecvInput,344080652,344080680,28
t1466,SendDistance,344234468,344250284,15816
t1671,RecvInput,344285724,344285752,28
t1672,RecvInput,344507896,344507920,24
t1467,SendDistance,344549600,344565472,15872
t1673,RecvInput,344712964,344712992,28
t1468,SendDistance,344781324,344797196,15872
t1674,RecvInput,344918052,344918076,24
t1469,SendDistance,345003488,345019312,15824
t1675,RecvInput,345123104,345123128,24
t1470,SendDistance,345225636,345241508,15872
t1676,RecvInput,345328176,345328204,28
t1471,SendDistance,345447808,345463600,15792
t1677,RecvInput,345533252,345533276,24
t1472,SendDistance,345669964,345685812,15848
t1678,RecvInput,345738308,345738332,24
t1473,SendDistance,345892112,345907928,15816
t1679,RecvInput,345943380,345943408,28
t1680,RecvInput,346165564,346165588,24
t1474,SendDistance,346207276,346223140,15864
t1681,RecvInput,346370608,346370636,28
t1475,SendDistance,346438960,346454876,15916
t1682,RecvInput,346575680,346575708,28
t1476,SendDistance,346661132,346677008,15876
t1683,RecvInput,346780764,346780788,24
t1477,SendDistance,346883296,346899112,15816
t1684,RecvInput,346985824,346985848,24
t1478,SendDistance,347105448,347121296,15848
t1685,RecvInput,347190900,347190924,24
t1479,SendDistance,347327620,347343492,15872
t1686,RecvInput,347395980,347396004,24
t1480,SendDistance,347549784,347565648,15864
t1687,RecvInput,347601052,347601076,24
t1688,RecvInput,347823216,347823244,28
t1481,SendDistance,347864924,347880796,15872
t1689,RecvInput,348028288,348028312,24
t1482,SendDistance,348096640,348112456,15816
t1690,RecvInput,348233348,348233372,24
t1483,SendDistance,348318792,348334588,15796
t1691,RecvInput,348438416,348438440,24
t1484,SendDistance,348540960,348556808,15848
t1692,RecvInput,348643496,348643524,28
t1485,SendDistance,348763128,348778928,15800
t1693,RecvInput,348848560,348848588,28
t1486,SendDistance,348985276,349001148,15872
t1694,RecvInput,349053632,349053660,28
t1487,SendDistance,349207444,349223216,15772
t1695,RecvInput,349258716,349258740,24
t1696,RecvInput,349480900,349480928,28
t1488,SendDistance,349522608,349538424,15816
t1697,RecvInput,349685948,349685972,24
t1489,SendDistance,349754308,349770152,15844
t1698,RecvInput,349891028,349891056,28
t1490,SendDistance,349976480,349992348,15868
t1699,RecvInput,350096096,350096120,24
t1491,SendDistance,350198628,350214452,15824
t1700,RecvInput,350301156,350301180,24
t1492,SendDistance,350420784,350436636,15852
t1701,RecvInput,350506240,350506264,24
t1493,SendDistance,350642960,350658780,15820
t1702,RecvInput,350711308,350711332,24
t1494,SendDistance,350865112,350880908,15796
t1703,RecvInput,350916368,350916392,24
t1704,RecvInput,351138552,351138576,24
t1495,SendDistance,351180264,351196132,15868
t1705,RecvInput,351343624,351343652,28
t1496,SendDistance,351411968,351427860,15892
t1706,RecvInput,351548676,351548700,24
t1497,SendDistance,351634120,351649860,15740
t1707,RecvInput,351753748,351753776,28
t1498,SendDistance,351856292,351872148,15856
t1708,RecvInput,351958820,351958848,28
t1499,SendDistance,352078444,352094344,15900
t1709,RecvInput,352163880,352163904,24
t1500,SendDistance,352300596,352313952,13356
t1710,RecvInput,352368956,352368980,24
t1501,SendDistance,352522768,352538632,15864
t1711,RecvInput,352574036,352574060,24
t1712,RecvInput,352796200,352796228,28
t1502,SendDistance,352837904,352853804,15900
t1713,RecvInput,353001264,353001288,24
t1503,SendDistance,353069624,353085464,15840
t1714,RecvInput,353206344,353206368,24
t1504,SendDistance,353291784,353307632,15848
t1715,RecvInput,353411400,353411428,28
t1505,SendDistance,353513932,353529804,15872
t1716,RecvInput,353616476,353616500,24
t10,SendWeatherData,353684832,353721236,36404
t1506,SendDistance,353736100,353776492,40392
t1717,RecvInput,353821536,353821560,24
t1718,RecvInput,354026620,354026648,28
t1507,SendDistance,354068328,354084176,15848
t1719,RecvInput,354231672,354231696,24
t1508,SendDistance,354300032,354315900,15868
t1720,RecvInput,354436752,354436780,28
t1509,SendDistance,354522196,354538068,15872
t1721,RecvInput,354641812,354641836,24
t1510,SendDistance,354744352,354760316,15964
t1722,RecvInput,354846884,354846912,28
t1511,SendDistance,354966516,354982372,15856
t1723,RecvInput,355051968,355051996,28
t1512,SendDistance,355188684,355204552,15868
t1724,RecvInput,355257032,355257056,24
t1513,SendDistance,355410836,355426684,15848
t1725,RecvInput,355462108,355462132,24
t1726,RecvInput,355684292,355684320,28
t1514,SendDistance,355726000,355737136,11136
t1727,RecvInput,355889352,355889376,24
t1515,SendDistance,355940616,355956460,15844
t1728,RecvInput,356094412,356094436,24
t1516,SendDistance,356162772,356172144,9372
t1729,RecvInput,356299496,356299520,24
t1517,SendDistance,356384948,356394536,9588
t1730,RecvInput,356504568,356504600,32
t1518,SendDistance,356607104,356617028,9924
t1731,RecvInput,356709628,356709656,28
t1519,SendDistance,356829260,356839188,9928
t1732,RecvInput,356914712,356914736,24
t1520,SendDistance,357051432,357061760,10328
t1733,RecvInput,357119776,357119804,28
t1521,SendDistance,357273580,357284656,11076
t1734,RecvInput,357324840,357324864,24
t1735,RecvInput,357529928,357529956,28
t1522,SendDistance,357571640,357581472,9832
t1736,RecvInput,357734996,357735024,28
t1523,SendDistance,357786260,357795936,9676
t1737,RecvInput,357940056,357940084,28
t1524,SendDistance,358008416,358019640,11224
t1738,RecvInput,358145136,358145164,28
t1525,SendDistance,358230588,358241652,11064
t1739,RecvInput,358350216,358350240,24
t1526,SendDistance,358452748,358463888,11140
t1740,RecvInput,358555276,358555300,24
t1527,SendDistance,358674896,358685992,11096
t1741,RecvInput,358760348,358760372,24
t1528,SendDistance,358897072,358908292,11220
t1742,RecvInput,358965420,358965444,24
t1529,SendDistance,359119224,359130412,11188
t1743,RecvInput,359170480,359170508,28
t1744,RecvInput,359375564,359375588,24
t1530,SendDistance,359417272,359427368,10096
t1745,RecvInput,359580632,359580656,24
t1531,SendDistance,359631900,359642024,10124
t1746,RecvInput,359785692,359785716,24
t1532,SendDistance,359854044,359865000,10956
t1747,RecvInput,359990760,359990784,24
t1533,SendDistance,360076208,360087248,11040
t1748,RecvInput,360195840,360195864,24
t1534,SendDistance,360298372,360309536,11164
t1749,RecvInput,360400908,360400932,24
t1535,SendDistance,360520524,360536360,15836
t1750,RecvInput,360605972,360606000,28
t1536,SendDistance,360742696,360752760,10064
t1751,RecvInput,360811052,360811080,28
t1537,SendDistance,360964860,360980648,15788
t1752,RecvInput,361016116,361016140,24
t1753,RecvInput,361238288,361238312,24
t1538,SendDistance,361280000,361291244,11244
t1754,RecvInput,361443368,361443392,24
t1539,SendDistance,361494628,361505772,11144
t1755,RecvInput,361648428,361648452,24
t1540,SendDistance,361716776,361726772,9996
t1756,RecvInput,361853488,361853512,24
t1541,SendDistance,361938940,361948940,10000
t1757,RecvInput,362058572,362058596,24
t1542,SendDistance,362161112,362171096,9984
t1758,RecvInput,362263640,362263664,24
t1543,SendDistance,362383264,362394360,11096
t1759,RecvInput,362468704,362468728,24
t1544,SendDistance,362605424,362621312,15888
t1760,RecvInput,362673784,362673808,24
t1545,SendDistance,362827592,362843456,15864
t1761,RecvInput,362878856,362878884,28
t1762,RecvInput,363101020,363101048,28
t1546,SendDistance,363142732,363158576,15844
t1763,RecvInput,363306084,363306112,28
t1547,SendDistance,363374444,363390340,15896
t1764,RecvInput,363511156,363511180,24
t1548,SendDistance,363596596,363607612,11016
t1765,RecvInput,363716212,363716240,28
t1549,SendDistance,363818752,363829000,10248
t1766,RecvInput,363921296,363921320,24
t1550,SendDistance,364040924,364052016,11092
t1767,RecvInput,364126360,364126388,28
t1551,SendDistance,364263076,364278904,15828
t1768,RecvInput,364331416,364331444,28
t1552,SendDistance,364485224,364496500,11276
t1769,RecvInput,364536496,364536520,24
t1770,RecvInput,364741588,364741616,28
t1553,SendDistance,364783308,364799124,15816
t1771,RecvInput,364946636,364946660,24
t1554,SendDistance,365014988,365030876,15888
t1772,RecvInput,365151708,365151732,24
t1555,SendDistance,365237156,365250576,13420
t1773,RecvInput,365356788,365356816,28
t1556,SendDistance,365459324,365475216,15892
t1774,RecvInput,365561848,365561880,32
t1557,SendDistance,365681472,365688116,6644
t1775,RecvInput,365766924,365766948,24
t1558,SendDistance,365903644,365910496,6852
t1776,RecvInput,365972004,365972032,28
t1559,SendDistance,366125808,366132848,7040
t1777,RecvInput,366177068,366177092,24
t1778,RecvInput,366382152,366382180,28
t1560,SendDistance,366423868,366431028,7160
t1779,RecvInput,366587224,366587248,24
t1561,SendDistance,366638484,366645592,7108
t1780,RecvInput,366792280,366792308,28
t1562,SendDistance,366860632,366868844,8212
t1781,RecvInput,366997340,366997368,28
t1563,SendDistance,367082792,367093820,11028
t1782,RecvInput,367202424,367202448,24
t1564,SendDistance,367304960,367409668,104708
t1783,RecvInput,367407460,367407484,24
t1784,RecvInput,367663800,367663824,24
t1565,SendDistance,367705512,367712476,6964
t1785,RecvInput,367868876,367868900,24
t1566,SendDistance,367920144,367931008,10864
t1786,RecvInput,368073940,368073964,24
t1567,SendDistance,368142292,368247012,104720
t1787,RecvInput,368279000,368279024,24
t1788,RecvInput,368501184,368501212,28
t1568,SendDistance,368542892,368549860,6968
t1789,RecvInput,368706244,368706268,24
t1569,SendDistance,368757508,368862224,104716
t1790,RecvInput,368911292,368911316,24
t1570,SendDistance,369065104,369071992,6888
t1791,RecvInput,369116376,369116400,24
t1792,RecvInput,369321464,369321488,24
t1571,SendDistance,369363168,369467892,104724
t1793,RecvInput,369526492,369526520,28
t1572,SendDistance,369680304,369688284,7980
t1794,RecvInput,369731576,369731608,32
t1795,RecvInput,369936668,369936692,24
t1573,SendDistance,369978384,369987284,8900
t1796,RecvInput,370141716,370141744,28
t1574,SendDistance,370192988,370201924,8936
t1797,RecvInput,370346800,370346824,24
t1575,SendDistance,370415160,370424136,8976
t1798,RecvInput,370551872,370551896,24
t1576,SendDistance,370637312,370646292,8980
t1799,RecvInput,370756932,370756960,28
t1577,SendDistance,370859476,370868540,9064
t1800,RecvInput,370962016,370962044,28
t1578,SendDistance,371081648,371090708,9060
t1801,RecvInput,371167088,371167112,24
t1579,SendDistance,371303800,371312800,9000
t1802,RecvInput,371372148,371372172,24
t1580,SendDistance,371525960,371534984,9024
t1803,RecvInput,371577228,371577252,24
t1804,RecvInput,371782320,371782348,28
t1581,SendDistance,371824028,371833076,9048
t1805,RecvInput,371987372,371987400,28
t1582,SendDistance,372038636,372047692,9056
t1806,RecvInput,372192444,372192472,28
t1583,SendDistance,372260808,372269860,9052
t1807,RecvInput,372397532,372397556,24
t1584,SendDistance,372482972,372492020,9048
t1808,RecvInput,372602592,372602620,28
t1585,SendDistance,372705124,372714200,9076
t1809,RecvInput,372807664,372807696,32
t1586,SendDistance,372927300,372936436,9136
t1810,RecvInput,373012752,373012776,24
t1587,SendDistance,373149468,373158580,9112
t1811,RecvInput,373217816,373217840,24
t1588,SendDistance,373371624,373380736,9112
t1812,RecvInput,373422892,373422920,28
t1813,RecvInput,373627988,373628012,24
t1589,SendDistance,373669692,373678800,9108
t1814,RecvInput,373833036,373833060,24
t1590,SendDistance,373884296,373893404,9108
t1815,RecvInput,374038092,374038120,28
t1591,SendDistance,374106452,374115588,9136
t1816,RecvInput,374243176,374243200,24
t1592,SendDistance,374328620,374337784,9164
t1817,RecvInput,374448236,374448260,24
t1593,SendDistance,374550768,374559928,9160
t1818,RecvInput,374653300,374653324,24
t1594,SendDistance,374772932,374782060,9128
t1819,RecvInput,374858380,374858408,28
t1595,SendDistance,374995104,375004124,9020
t1820,RecvInput,375063448,375063476,28
t1596,SendDistance,375217252,375226216,8964
t1821,RecvInput,375268520,375268548,28
t1822,RecvInput,375473612,375473640,28
t1597,SendDistance,375515328,375524268,8940
t1823,RecvInput,375678676,375678704,28
t1598,SendDistance,375729940,375738860,8920
t1824,RecvInput,375883736,375883764,28
t1599,SendDistance,375952096,375961016,8920
t1825,RecvInput,376088820,376088844,24
t1600,SendDistance,376174272,376183212,8940
t1826,RecvInput,376293896,376293920,24
t1601,SendDistance,376396428,376405368,8940
t1827,RecvInput,376498960,376498984,24
t1602,SendDistance,376618588,376627512,8924
t1828,RecvInput,376704040,376704064,24
t1603,SendDistance,376840764,376849672,8908
t1829,RecvInput,376909112,376909136,24
t1604,SendDistance,377062916,377071816,8900
t1830,RecvInput,377114176,377114200,24
t1831,RecvInput,377319264,377319288,24
t1605,SendDistance,377360976,377369968,8992
t1832,RecvInput,377524336,377524364,28
t1606,SendDistance,377575600,377584548,8948
t1833,RecvInput,377729400,377729424,24
t1607,SendDistance,377797752,377806692,8940
t1834,RecvInput,377934472,377934500,28
t1608,SendDistance,378019924,378028876,8952
t1835,RecvInput,378139556,378139580,24
t1609,SendDistance,378242092,378251032,8940
t1836,RecvInput,378344620,378344644,24
t1610,SendDistance,378464244,378473268,9024
t1837,RecvInput,378549696,378549720,24
t1611,SendDistance,378686416,378695384,8968
t1838,RecvInput,378754776,378754800,24
t1612,SendDistance,378908580,378917556,8976
t1839,RecvInput,378959840,378959864,24
t1840,RecvInput,379164924,379164952,28
t1613,SendDistance,379206636,379215592,8956
t1841,RecvInput,379369996,379370024,28
t1614,SendDistance,379421260,379430196,8936
t1842,RecvInput,379575060,379575084,24
t1615,SendDistance,379643412,379652404,8992
t1843,RecvInput,379780128,379780152,24
t1616,SendDistance,379865572,379874512,8940
t1844,RecvInput,379985204,379985228,24
t1617,SendDistance,380087740,380096680,8940
t1845,RecvInput,380190272,380190296,24
t1618,SendDistance,380309896,380318836,8940
t1846,RecvInput,380395336,380395360,24
t1619,SendDistance,380532060,380540996,8936
t1847,RecvInput,380600420,380600448,28
t1620,SendDistance,380754232,380763176,8944
t1848,RecvInput,380805492,380805520,28
t1849,RecvInput,381010576,381010604,28
t1621,SendDistance,381052288,381061256,8968
t1850,RecvInput,381215648,381215676,28
t1622,SendDistance,381266920,381275912,8992
t1851,RecvInput,381420724,381420752,28
t1623,SendDistance,381489080,381498040,8960
t1852,RecvInput,381625788,381625812,24
t1624,SendDistance,381711240,381720224,8984
t1853,RecvInput,381830872,381830896,24
t1625,SendDistance,381933412,381942368,8956
t1854,RecvInput,382035944,382035976,32
t1626,SendDistance,382155568,382168908,13340
t1855,RecvInput,382241008,382241036,28
t1627,SendDistance,382377728,382386772,9044
t1856,RecvInput,382446092,382446116,24
t1628,SendDistance,382599904,382608944,9040
t1857,RecvInput,382651168,382651192,24
t1858,RecvInput,382856252,382856276,24
t1629,SendDistance,382897960,382906916,8956
t1859,RecvInput,383061320,383061344,24
t1630,SendDistance,383112588,383121532,8944
t1860,RecvInput,383266404,383266428,24
t1631,SendDistance,383334756,383343756,9000
t1861,RecvInput,383471468,383471492,24
t1632,SendDistance,383556912,383565900,8988
t1862,RecvInput,383676544,383676572,28
t1633,SendDistance,383779088,383788044,8956
t1863,RecvInput,383881628,383881656,28
t1634,SendDistance,384001252,384010188,8936
t1864,RecvInput,384086692,384086716,24
t1635,SendDistance,384223404,384232344,8940
t1865,RecvInput,384291764,384291792,28
t1636,SendDistance,384445576,384454540,8964
t1866,RecvInput,384496848,384496872,24
t1867,RecvInput,384701932,384701960,28
t1637,SendDistance,384743636,384752616,8980
t1868,RecvInput,384906984,384907008,24
t1638,SendDistance,384958252,384967236,8984
t1869,RecvInput,385112068,385112096,28
t1639,SendDistance,385180420,385189380,8960
t1870,RecvInput,385317128,385317152,24
t1640,SendDistance,385402572,385411536,8964
t1871,RecvInput,385522192,385522216,24
t1641,SendDistance,385624732,385633668,8936
t1872,RecvInput,385727284,385727312,28
t11,SendWeatherData,385769000,385805420,36420
t1642,SendDistance,385846880,385859632,12752
t1873,RecvInput,385932324,385932348,24
t1643,SendDistance,386069028,386077968,8940
t1874,RecvInput,386137380,386137408,28
t1644,SendDistance,386291192,386300164,8972
t1875,RecvInput,386342460,386342488,28
t1876,RecvInput,386547552,386547580,28
t1645,SendDistance,386589260,386598200,8940
t1877,RecvInput,386752600,386752624,24
t1646,SendDistance,386803868,386812832,8964
t1878,RecvInput,386957680,386957704,24
t1647,SendDistance,387026040,387035000,8960
t1879,RecvInput,387162756,387162780,24
t1648,SendDistance,387248196,387257132,8936
t1880,RecvInput,387367812,387367840,28
t1649,SendDistance,387470356,387479304,8948
t1881,RecvInput,387572892,387572916,24
t1650,SendDistance,387692520,387701448,8928
t1882,RecvInput,387777960,387777984,24
t1651,SendDistance,387914672,387923616,8944
t1883,RecvInput,387983020,387983044,24
t1652,SendDistance,388136824,388145760,8936
t1884,RecvInput,388188096,388188120,24
t1885,RecvInput,388393184,388393212,28
t1653,SendDistance,388434896,388443812,8916
t1886,RecvInput,388598236,388598260,24
t1654,SendDistance,388649496,388658416,8920
t1887,RecvInput,388803308,388803332,24
t1655,SendDistance,388871668,388880612,8944
t1888,RecvInput,389008396,389008420,24
t1656,SendDistance,389093832,389102768,8936
t1889,RecvInput,389213448,389213476,28
t1657,SendDistance,389315980,389324924,8944
t1890,RecvInput,389418524,389418548,24
t1658,SendDistance,389538152,389547120,8968
t1891,RecvInput,389623604,389623632,28
t1659,SendDistance,389760316,389769252,8936
t1892,RecvInput,389828668,389828692,24
t1660,SendDistance,389982472,389991408,8936
t1893,RecvInput,390033744,390033768,24
t1894,RecvInput,390238836,390238860,24
t1661,SendDistance,390280544,390289512,8968
t1895,RecvInput,390443892,390443916,24
t1662,SendDistance,390495152,390504116,8964
t1896,RecvInput,390648952,390648976,24
t1663,SendDistance,390717312,390726260,8948
t1897,RecvInput,390854036,390854060,24
t1664,SendDistance,390939484,390948432,8948
t1898,RecvInput,391059104,391059128,24
t1665,SendDistance,391161636,391170576,8940
t1899,RecvInput,391264168,391264192,24
t1666,SendDistance,391383796,391392744,8948
t1900,RecvInput,391469248,391469272,24
t1667,SendDistance,391605968,391614916,8948
t1901,RecvInput,391674316,391674340,24
t1668,SendDistance,391828116,391837060,8944
t1902,RecvInput,391879380,391879404,24
t1903,RecvInput,392084472,392084504,32
t1669,SendDistance,392126192,392135160,8968
t1904,RecvInput,392289540,392289568,28
t1670,SendDistance,392340800,392349764,8964
t1905,RecvInput,392494596,392494624,28
t1671,SendDistance,392562956,392571924,8968
t1906,RecvInput,392699676,392699704,28
t1672,SendDistance,392785128,392794104,8976
t1907,RecvInput,392904752,392904780,28
t1673,SendDistance,393007288,393016224,8936
t1908,RecvInput,393109812,393109836,24
t1674,SendDistance,393229440,393238380,8940
t1909,RecvInput,393314888,393314916,28
t1675,SendDistance,393451608,393460524,8916
t1910,RecvInput,393519956,393519984,28
t1676,SendDistance,393673764,393682708,8944
t1911,RecvInput,393725016,393725040,24
t1912,RecvInput,393930100,393930124,24
t1677,SendDistance,393971804,393980744,8940
t1913,RecvInput,394135168,394135192,24
t1678,SendDistance,394186428,394195364,8936
t1914,RecvInput,394340228,394340252,24
t1679,SendDistance,394408576,394417572,8996
t1915,RecvInput,394545300,394545324,24
t1680,SendDistance,394630748,394639688,8940
t1916,RecvInput,394750380,394750404,24
t1681,SendDistance,394852912,394861848,8936
t1917,RecvInput,394955440,394955464,24
t1682,SendDistance,395075060,395084004,8944
t1918,RecvInput,395160512,395160536,24
t1683,SendDistance,395297232,395306172,8940
t1919,RecvInput,395365592,395365616,24
t1684,SendDistance,395519396,395528332,8936
t1920,RecvInput,395570652,395570680,28
t1921,RecvInput,395775736,395775760,24
t1685,SendDistance,395817440,395826408,8968
t1922,RecvInput,395980812,395980836,24
t1686,SendDistance,396032072,396041012,8940
t1923,RecvInput,396185872,396185896,24
t1687,SendDistance,396254228,396263196,8968
t1924,RecvInput,396390932,396390956,24
t1688,SendDistance,396476380,396485324,8944
t1925,RecvInput,396596012,396596036,24
t1689,SendDistance,396698552,396707444,8892
t1926,RecvInput,396801080,396801108,28
t1690,SendDistance,396920704,396929664,8960
t1927,RecvInput,397006144,397006168,24
t1691,SendDistance,397142864,397151860,8996
t1928,RecvInput,397211228,397211252,24
t1692,SendDistance,397365040,397372796,7756
t1929,RecvInput,397416300,397416324,24
t1930,RecvInput,397621384,397621408,24
t1693,SendDistance,397663088,397670912,7824
t1931,RecvInput,397826452,397826476,24
t1694,SendDistance,397877724,397886712,8988
t1932,RecvInput,398031532,398031556,24
t1695,SendDistance,398099884,398107712,7828
t1933,RecvInput,398236588,398236612,24
t1696,SendDistance,398322036,398330948,8912
t1934,RecvInput,398441664,398441692,28
t1697,SendDistance,398544208,398552000,7792
t1935,RecvInput,398646740,398646764,24
t1698,SendDistance,398766364,398774080,7716
t1936,RecvInput,398851800,398851824,24
t1699,SendDistance,398988516,398997484,8968
t1937,RecvInput,399056876,399056908,32
t1700,SendDistance,399210688,399219628,8940
t1938,RecvInput,399261944,399261972,28
t1939,RecvInput,399467028,399467056,28
t1701,SendDistance,399508736,399517732,8996
t1940,RecvInput,399672084,399672108,24
t1702,SendDistance,399723352,399731180,7828
t1941,RecvInput,399877164,399877192,28
t1703,SendDistance,399945516,399954428,8912
t1942,RecvInput,400082224,400082252,28
t1704,SendDistance,400167668,400175440,7772
t1943,RecvInput,400287300,400287324,24
t1705,SendDistance,400389840,400398728,8888
t1944,RecvInput,400492384,400492408,24
t1706,SendDistance,400612004,400620976,8972
t1945,RecvInput,400697444,400697468,24
t1707,SendDistance,400834156,400843068,8912
t1946,RecvInput,400902516,400902540,24
t1708,SendDistance,401056328,401065316,8988
t1947,RecvInput,401107596,401107624,28
t1948,RecvInput,401312684,401312708,24
t1709,SendDistance,401354388,401363004,8616
t1949,RecvInput,401517736,401517760,24
t1710,SendDistance,401569004,401577620,8616
t1950,RecvInput,401722820,401722844,24
t1711,SendDistance,401791180,401799828,8648
t1951,RecvInput,401927888,401927916,28
t1712,SendDistance,402013332,402022024,8692
t1952,RecvInput,402132952,402132980,28
t1713,SendDistance,402235496,402244444,8948
t1953,RecvInput,402338036,402338064,28
t1714,SendDistance,402457668,402466624,8956
t1954,RecvInput,402543108,402543132,24
t1715,SendDistance,402679828,402688784,8956
t1955,RecvInput,402748176,402748200,24
t1716,SendDistance,402901984,402910940,8956
t1956,RecvInput,402953260,402953284,24
t1957,RecvInput,403158352,403158380,28
t1717,SendDistance,403200060,403209016,8956
t1958,RecvInput,403363404,403363428,24
t1718,SendDistance,403414672,403423648,8976
t1959,RecvInput,403568484,403568512,28
t1719,SendDistance,403636848,403645828,8980
t1960,RecvInput,403773568,403773592,24
t1720,SendDistance,403859012,403867960,8948
t1961,RecvInput,403978632,403978656,24
t1721,SendDistance,404081168,404090168,9000
t1962,RecvInput,404183708,404183736,28
t1722,SendDistance,404303340,404312340,9000
t1963,RecvInput,404388784,404388812,28
t1723,SendDistance,404525500,404534456,8956
t1964,RecvInput,404593848,404593872,24
t1724,SendDistance,404747652,404756616,8964
t1965,RecvInput,404798924,404798948,24
t1966,RecvInput,405004016,405004040,24
t1725,SendDistance,405045724,405054680,8956
t1967,RecvInput,405209064,405209096,32
t1726,SendDistance,405260328,405269284,8956
t1968,RecvInput,405414132,405414156,24
t1727,SendDistance,405482492,405491452,8960
t1969,RecvInput,405619216,405619244,28
t1728,SendDistance,405704660,405713608,8948
t1970,RecvInput,405824280,405824308,28
t1729,SendDistance,405926816,405935792,8976
t1971,RecvInput,406029356,406029384,28
t1730,SendDistance,406148992,406158000,9008
t1972,RecvInput,406234444,406234468,24
t1731,SendDistance,406371160,406380160,9000
t1973,RecvInput,406439508,406439536,28
t1732,SendDistance,406593312,406602316,9004
t1974,RecvInput,406644584,406644608,24
t1975,RecvInput,406849680,406849704,24
t1733,SendDistance,406891384,406900340,8956
t1976,RecvInput,407054736,407054764,28
t1734,SendDistance,407106000,407114984,8984
t1977,RecvInput,407259800,407259824,24
t1735,SendDistance,407328160,407337168,9008
t1978,RecvInput,407464884,407464908,24
t1736,SendDistance,407550336,407559336,9000
t1979,RecvInput,407669956,407669984,28
t1737,SendDistance,407772492,407781508,9016
t1980,RecvInput,407875024,407875048,24
t1738,SendDistance,407994656,408003664,9008
t1981,RecvInput,408080108,408080136,28
t1739,SendDistance,408216832,408225832,9000
t1982,RecvInput,408285180,408285212,32
t1740,SendDistance,408438984,408447992,9008
t1983,RecvInput,408490248,408490272,24
t1984,RecvInput,408695340,408695364,24
t1741,SendDistance,408737048,408746000,8952
t1985,RecvInput,408900412,408900440,28
t1742,SendDistance,408951676,408960632,8956
t1986,RecvInput,409105480,409105504,24
t1743,SendDistance,409173836,409182788,8952
t1987,RecvInput,409310560,409310584,24
t1744,SendDistance,409396012,409405000,8988
t1988,RecvInput,409515644,409515668,24
t1745,SendDistance,409618180,409627156,8976
t1989,RecvInput,409720708,409720732,24
t1746,SendDistance,409840332,409849312,8980
t1990,RecvInput,409925784,409925808,24
t1747,SendDistance,410062508,410071484,8976
t1991,RecvInput,410130864,410130888,24
t1748,SendDistance,410284668,410293628,8960
t1992,RecvInput,410335928,410335952,24
t1993,RecvInput,410541012,410541036,24
t1749,SendDistance,410582724,410591676,8952
t1994,RecvInput,410746084,410746108,24
t1750,SendDistance,410797348,410806348,9000
t1995,RecvInput,410951148,410951176,28
t1751,SendDistance,411019504,411028464,8960
t1996,RecvInput,411156220,411156244,24
t1752,SendDistance,411241672,411250660,8988
t1997,RecvInput,411361312,411361340,28
t1753,SendDistance,411463844,411472816,8972
t1998,RecvInput,411566376,411566400,24
t1754,SendDistance,411685996,411694960,8964
t1999,RecvInput,411771448,411771476,28
t1755,SendDistance,411908172,411917132,8960
t2000,RecvInput,411976536,411976560,24
t1756,SendDistance,412130344,412139328,8984
t2001,RecvInput,412181604,412181632,28
t2002,RecvInput,412386688,412386716,28
t1757,SendDistance,412428396,412437352,8956
t2003,RecvInput,412591764,412591788,24
t1758,SendDistance,412643036,412651984,8948
t2004,RecvInput,412796836,412796860,24
t1759,SendDistance,412865188,412874140,8952
t2005,RecvInput,413001900,413001924,24
t1760,SendDistance,413087352,413096336,8984
t2006,RecvInput,413206984,413207008,24
t1761,SendDistance,413309528,413318532,9004
t2007,RecvInput,413412060,413412084,24
t1762,SendDistance,413531684,413540664,8980
t2008,RecvInput,413617124,413617148,24
t1763,SendDistance,413753844,413762820,8976
t2009,RecvInput,413822208,413822232,24
t1764,SendDistance,413976020,413985004,8984
t2010,RecvInput,414027280,414027304,24
t2011,RecvInput,414232364,414232392,28
t1765,SendDistance,414274072,414283028,8956
t2012,RecvInput,414437440,414437464,24
t1766,SendDistance,414488712,414497672,8960
t2013,RecvInput,414642524,414642552,28
t1767,SendDistance,414710880,414719828,8948
t2014,RecvInput,414847592,414847616,24
t1768,SendDistance,414933036,414941996,8960
t2015,RecvInput,415052672,415052696,24
t1769,SendDistance,415155220,415164208,8988
t2016,RecvInput,415257752,415257780,28
t1770,SendDistance,415377376,415386352,8976
t2017,RecvInput,415462816,415462844,28
t1771,SendDistance,415599532,415608508,8976
t2018,RecvInput,415667896,415667920,24
t1772,SendDistance,415821708,415830692,8984
t2019,RecvInput,415872972,415872996,24
t2020,RecvInput,416078056,416078080,24
t1773,SendDistance,416119760,416128740,8980
t2021,RecvInput,416283112,416283140,28
t1774,SendDistance,416334384,416343332,8948
t2022,RecvInput,416488200,416488224,24
t1775,SendDistance,416556552,416565504,8952
t2023,RecvInput,416693268,416693296,28
t1776,SendDistance,416778708,416787648,8940
t2024,RecvInput,416898332,416898360,28
t1777,SendDistance,417000876,417009816,8940
t2025,RecvInput,417103420,417103448,28
t1778,SendDistance,417223048,417232000,8952
t2026,RecvInput,417308492,417308516,24
t1779,SendDistance,417445204,417454184,8980
t2027,RecvInput,417513568,417513592,24
t1780,SendDistance,417667380,417676328,8948
t2028,RecvInput,417718652,417718680,28
t12,SendWeatherData,417769920,417806192,36272
t2029,RecvInput,417923720,417923748,28
t1781,SendDistance,417965436,417974376,8940
t2030,RecvInput,418128776,418128804,28
t1782,SendDistance,418180048,418189020,8972
t2031,RecvInput,418333864,418333888,24
t1783,SendDistance,418402228,418411164,8936
t2032,RecvInput,418538940,418538964,24
t1784,SendDistance,418624384,418633320,8936
t2033,RecvInput,418744004,418744028,24
t1785,SendDistance,418846548,418855492,8944
t2034,RecvInput,418949088,418949116,28
t1786,SendDistance,419068720,419077660,8940
t2035,RecvInput,419154164,419154188,24
t1787,SendDistance,419290880,419299820,8940
t2036,RecvInput,419359228,419359252,24
t1788,SendDistance,419513044,419522016,8972
t2037,RecvInput,419564316,419564340,24
t2038,RecvInput,419769412,419769436,24
t1789,SendDistance,419811124,419820040,8916
t2039,RecvInput,419974468,419974492,24
t1790,SendDistance,420025736,420034684,8948
t2040,RecvInput,420179552,420179576,24
t1791,SendDistance,420247912,420256828,8916
t2041,RecvInput,420384640,420384664,24
t1792,SendDistance,420470084,420479048,8964
t2042,RecvInput,420589704,420589732,28
t1793,SendDistance,420692240,420701204,8964
t2043,RecvInput,420794788,420794812,24
t1794,SendDistance,420914420,420923364,8944
t2044,RecvInput,420999872,420999896,24
t1795,SendDistance,421136588,421145560,8972
t2045,RecvInput,421204940,421204964,24
t1796,SendDistance,421358744,421367716,8972
t2046,RecvInput,421410016,421410040,24
t2047,RecvInput,421615112,421615136,24
t1797,SendDistance,421656824,421665768,8944
t2048,RecvInput,421820164,421820188,24
t1798,SendDistance,421871428,421880372,8944
t2049,RecvInput,422025236,422025264,28
t1799,SendDistance,422093592,422102540,8948
t2050,RecvInput,422230320,422230348,28
t1800,SendDistance,422315764,422324736,8972
t2051,RecvInput,422435388,422435412,24
t1801,SendDistance,422537920,422546892,8972
t2052,RecvInput,422640460,422640484,24
t1802,SendDistance,422760092,422769064,8972
t2053,RecvInput,422845548,422845572,24
t1803,SendDistance,422982268,422991208,8940
t2054,RecvInput,423050620,423050644,24
t1804,SendDistance,423204424,423213392,8968
t2055,RecvInput,423255700,423255724,24
t2056,RecvInput,423460796,423460820,24
t1805,SendDistance,423502500,423511440,8940
t2057,RecvInput,423665860,423665884,24
t1806,SendDistance,423717120,423726060,8940
t2058,RecvInput,423870924,423870948,24
t1807,SendDistance,423939284,423948256,8972
t2059,RecvInput,424076012,424076036,24
t1808,SendDistance,424161460,424170412,8952
t2060,RecvInput,424281084,424281116,32
t1809,SendDistance,424383616,424392580,8964
t2061,RecvInput,424486148,424486172,24
t1810,SendDistance,424605776,424614724,8948
t2062,RecvInput,424691232,424691256,24
t1811,SendDistance,424827956,424836896,8940
t2063,RecvInput,424896304,424896332,28
t1812,SendDistance,425050108,425059080,8972
t2064,RecvInput,425101368,425101392,24
t2065,RecvInput,425306456,425306484,28
t1813,SendDistance,425348160,425357076,8916
t2066,RecvInput,425511528,425511556,28
t1814,SendDistance,425562792,425571708,8916
t2067,RecvInput,425716592,425716620,28
t1815,SendDistance,425784948,425793864,8916
t2068,RecvInput,425921672,425921696,24
t1816,SendDistance,426007124,426016048,8924
t2069,RecvInput,426126756,426126784,28
t1817,SendDistance,426229292,426238232,8940
t2070,RecvInput,426331820,426331848,28
t1818,SendDistance,426451444,426460388,8944
t2071,RecvInput,426536900,426536924,24
t1819,SendDistance,426673624,426682572,8948
t2072,RecvInput,426741984,426742008,24
t1820,SendDistance,426895788,426904728,8940
t2073,RecvInput,426947048,426947076,28
t2074,RecvInput,427152136,427152160,24
t1821,SendDistance,427193848,427202792,8944
t2075,RecvInput,427357216,427357244,28
t1822,SendDistance,427408476,427417448,8972
t2076,RecvInput,427562276,427562300,24
t1823,SendDistance,427630632,427639552,8920
t2077,RecvInput,427767344,427767368,24
t1824,SendDistance,427852796,427861748,8952
t2078,RecvInput,427972428,427972456,28
t1825,SendDistance,428074968,428083932,8964
t2079,RecvInput,428177500,428177528,28
t1826,SendDistance,428297128,428306100,8972
t2080,RecvInput,428382576,428382600,24
t1827,SendDistance,428519296,428528272,8976
t2081,RecvInput,428587664,428587688,24
t1828,SendDistance,428741472,428750416,8944
t2082,RecvInput,428792736,428792760,24
t2083,RecvInput,428997820,428997848,28
t1829,SendDistance,429039524,429048468,8944
t2084,RecvInput,429202896,429202924,28
t1830,SendDistance,429254168,429263108,8940
t2085,RecvInput,429407976,429408000,24
t1831,SendDistance,429476328,429485252,8924
t2086,RecvInput,429613040,429613072,32
t1832,SendDistance,429698492,429707412,8920
t2087,RecvInput,429818128,429818152,24
t1833,SendDistance,429920672,429929620,8948
t2088,RecvInput,430023204,430023228,24
t1834,SendDistance,430142828,430151776,8948
t2089,RecvInput,430228272,430228296,24
t1835,SendDistance,430364992,430373932,8940
t2090,RecvInput,430433356,430433380,24
t1836,SendDistance,430587168,430596116,8948
t2091,RecvInput,430638432,430638456,24
t2092,RecvInput,430843520,430843544,24
t1837,SendDistance,430885224,430894168,8944
t2093,RecvInput,431048588,431048612,24
t1838,SendDistance,431099860,431108812,8952
t2094,RecvInput,431253676,431253700,24
t1839,SendDistance,431322032,431330968,8936
t2095,RecvInput,431458740,431458768,28
t1840,SendDistance,431544188,431553124,8936
t2096,RecvInput,431663820,431663848,28
t1841,SendDistance,431766364,431775332,8968
t2097,RecvInput,431868912,431868944,32
t1842,SendDistance,431988536,431997476,8940
t2098,RecvInput,432073976,432074004,28
t1843,SendDistance,432210696,432219660,8964
t2099,RecvInput,432279060,432279084,24
t1844,SendDistance,432432876,432441816,8940
t2100,RecvInput,432484144,432484172,28
t2101,RecvInput,432689232,432689256,24
t1845,SendDistance,432730940,432739908,8968
t2102,RecvInput,432894288,432894316,28
t1846,SendDistance,432945560,432954512,8952
t2103,RecvInput,433099376,433099404,28
t1847,SendDistance,433167736,433176680,8944
t2104,RecvInput,433304448,433304472,24
t1848,SendDistance,433389892,433398852,8960
t2105,RecvInput,433509520,433509544,24
t1849,SendDistance,433612060,433621036,8976
t2106,RecvInput,433714608,433714632,24
t1850,SendDistance,433834240,433843208,8968
t2107,RecvInput,433919684,433919708,24
t1851,SendDistance,434056396,434065388,8992
t2108,RecvInput,434124756,434124780,24
t1852,SendDistance,434278572,434287532,8960
t2109,RecvInput,434329848,434329872,24
t2110,RecvInput,434534940,434534968,28
t1853,SendDistance,434576652,434585596,8944
t2111,RecvInput,434740000,434740024,24
t1854,SendDistance,434791272,434800188,8916
t2112,RecvInput,434945088,434945116,28
t1855,SendDistance,435013452,435022368,8916
t2113,RecvInput,435150172,435150196,24
t1856,SendDistance,435235616,435244580,8964
t2114,RecvInput,435355240,435355268,28
t1857,SendDistance,435457784,435466724,8940
t2115,RecvInput,435560328,435560356,28
t1858,SendDistance,435679964,435688904,8940
t2116,RecvInput,435765408,435765432,24
t1859,SendDistance,435902124,435910972,8848
t2117,RecvInput,435970476,435970500,24
t1860,SendDistance,436124284,436133260,8976
t2118,RecvInput,436175560,436175584,24
t2119,RecvInput,436380656,436380688,32
t1861,SendDistance,436422368,436431308,8940
t2120,RecvInput,436585712,436585736,24
t1862,SendDistance,436636972,436645892,8920
t2121,RecvInput,436790788,436790812,24
t1863,SendDistance,436859148,436867056,7908
t2122,RecvInput,436995876,436995900,24
t1864,SendDistance,437081320,437090268,8948
t2123,RecvInput,437200940,437200968,28
t1865,SendDistance,437303476,437312448,8972
t2124,RecvInput,437406024,437406048,24
t1866,SendDistance,437525660,437534696,9036
t2125,RecvInput,437611112,437611140,28
t1867,SendDistance,437747828,437756840,9012
t2126,RecvInput,437816180,437816204,24
t1868,SendDistance,437969984,437978972,8988
t2127,RecvInput,438021260,438021284,24
t2128,RecvInput,438226360,438226384,24
t1869,SendDistance,438268068,438277088,9020
t2129,RecvInput,438431416,438431440,24
t1870,SendDistance,438482680,438491720,9040
t2130,RecvInput,438636484,438636508,24
t1871,SendDistance,438704844,438713864,9020
t2131,RecvInput,438841572,438841596,24
t1872,SendDistance,438927020,438935384,8364
t2132,RecvInput,439046644,439046668,24
t1873,SendDistance,439149176,439158188,9012
t2133,RecvInput,439251712,439251740,28
t1874,SendDistance,439371348,439385740,14392
t2134,RecvInput,439456808,439456832,24
t1875,SendDistance,439593524,439601800,8276
t2135,RecvInput,439661872,439661900,28
t1876,SendDistance,439815680,439829536,13856
t2136,RecvInput,439866944,439866968,24
t2137,RecvInput,440089132,440089156,24
t1877,SendDistance,440130840,440138520,7680
t2138,RecvInput,440294200,440294224,24
t1878,SendDistance,440345460,440353060,7600
t2139,RecvInput,440499264,440499288,24
t1879,SendDistance,440567624,440575280,7656
t2140,RecvInput,440704348,440704376,28
t1880,SendDistance,440789800,440797556,7756
t2141,RecvInput,440909420,440909448,28
t1881,SendDistance,441011956,441019440,7484
t2142,RecvInput,441114488,441114512,24
t1882,SendDistance,441234120,441241620,7500
t2143,RecvInput,441319572,441319596,24
t1883,SendDistance,441456296,441463752,7456
t2144,RecvInput,441524644,441524672,28
t1884,SendDistance,441678448,441685908,7460
t2145,RecvInput,441729708,441729736,28
t2146,RecvInput,441934800,441934824,24
t1885,SendDistance,441976500,441984004,7504
t2147,RecvInput,442139872,442139896,24
t1886,SendDistance,442191136,442200592,9456
t2148,RecvInput,442344936,442344964,28
t1887,SendDistance,442413292,442518000,104708
t2149,RecvInput,442550016,442550040,24
t2150,RecvInput,442772200,442772228,28
t1888,SendDistance,442813908,442821292,7384
t2151,RecvInput,442977260,442977292,32
t1889,SendDistance,443028524,443035932,7408
t2152,RecvInput,443182340,443182364,24
t1890,SendDistance,443250708,443258168,7460
t2153,RecvInput,443387428,443387452,24
t1891,SendDistance,443472872,443480404,7532
t2154,RecvInput,443592492,443592520,28
t1892,SendDistance,443695028,443702432,7404
t2155,RecvInput,443797572,443797596,24
t1893,SendDistance,443917204,443924756,7552
t2156,RecvInput,444002660,444002684,24
t1894,SendDistance,444139376,444146876,7500
t2157,RecvInput,444207728,444207752,24
t1895,SendDistance,444361536,444368888,7352
t2158,RecvInput,444412808,444412836,28
t2159,RecvInput,444617904,444617932,28
t1896,SendDistance,444659608,444666952,7344
t2160,RecvInput,444822964,444822988,24
t1897,SendDistance,444874228,444881724,7496
t2161,RecvInput,445028032,445028056,24
t1898,SendDistance,445096392,445103804,7412
t2162,RecvInput,445233120,445233144,24
t1899,SendDistance,445318568,445325976,7408
t2163,RecvInput,445438192,445438220,28
t1900,SendDistance,445540728,445548248,7520
t2164,RecvInput,445643260,445643288,28
t2165,RecvInput,445848348,445848372,24
t1901,SendDistance,445762896,445909348,146452
t2166,RecvInput,446053420,446053444,24
t1902,SendDistance,446121772,446129012,7240
t2167,RecvInput,446258484,446258512,28
t1903,SendDistance,446343936,446351324,7388
t2168,RecvInput,446463576,446463600,24
t1904,SendDistance,446566120,446573688,7568
t2169,RecvInput,446668648,446668676,28
t1905,SendDistance,446788276,446795832,7556
t2170,RecvInput,446873716,446873740,24
t1906,SendDistance,447010440,447018092,7652
t2171,RecvInput,447078804,447078832,28
t2172,RecvInput,447283872,447283896,24
t1907,SendDistance,447232616,447379076,146460
t2173,RecvInput,447488920,447488944,24
t1908,SendDistance,447591464,447598932,7468
t2174,RecvInput,447694004,447694028,24
t1909,SendDistance,447813644,447821728,8084
t2175,RecvInput,447899084,447899108,24
t1910,SendDistance,448035796,448043728,7932
t2176,RecvInput,448104148,448104172,24
t2177,RecvInput,448309228,448309260,32
t1911,SendDistance,448257956,448404412,146456
t2178,RecvInput,448514316,448514340,24
t1912,SendDistance,448616852,448631132,14280
t2179,RecvInput,448719380,448719404,24
t1913,SendDistance,448839004,448863172,24168
t2180,RecvInput,448924460,448924484,24
t1914,SendDistance,449078280,449102512,24232
t2181,RecvInput,449129540,449129572,32
t2182,RecvInput,449351720,449351748,28
t1915,SendDistance,449393428,449417632,24204
t2183,RecvInput,449556772,449556796,24
t1916,SendDistance,449625136,449649448,24312
t2184,RecvInput,449761860,449761888,28
t13,SendWeatherData,449813124,449849400,36276
t1917,SendDistance,449864376,449903612,39236
t2185,RecvInput,449966900,449966924,24
t1918,SendDistance,450120712,450131904,11192
t2186,RecvInput,450171976,450172000,24
t2187,RecvInput,450377072,450377096,24
t1919,SendDistance,450418776,450429996,11220
t2188,RecvInput,450582124,450582152,28
t1920,SendDistance,450633388,450644468,11080
t2189,RecvInput,450787188,450787212,24
t1921,SendDistance,450855548,450866756,11208
t2190,RecvInput,450992276,450992300,24
t1922,SendDistance,451077724,451088952,11228
t2191,RecvInput,451197348,451197372,24
t1923,SendDistance,451299880,451311004,11124
t2192,RecvInput,451402412,451402440,28
t1924,SendDistance,451522048,451533268,11220
t2193,RecvInput,451607500,451607524,24
t1925,SendDistance,451744220,451755412,11192
t2194,RecvInput,451812572,451812596,24
t1926,SendDistance,451966376,451977644,11268
t2195,RecvInput,452017644,452017668,24
t2196,RecvInput,452222740,452222768,28
t1927,SendDistance,452264452,452275812,11360
t2197,RecvInput,452427816,452427840,24
t1928,SendDistance,452479076,452490432,11356
t2198,RecvInput,452632876,452632904,28
t1929,SendDistance,452701240,452712600,11360
t2199,RecvInput,452837964,452837992,28
t1930,SendDistance,452923424,452934836,11412
t2200,RecvInput,453043044,453043068,24
t1931,SendDistance,453145580,453156940,11360
t2201,RecvInput,453248108,453248136,28
t1932,SendDistance,453367740,453378968,11228
t2202,RecvInput,453453192,453453220,28
t2203,RecvInput,453658260,453658284,24
t1933,SendDistance,453589920,453736364,146444
t2204,RecvInput,453863312,453863336,24
t1934,SendDistance,453948756,453959860,11104
t2205,RecvInput,454068392,454068416,24
t1935,SendDistance,454170936,454182056,11120
t2206,RecvInput,454273476,454273504,28
t1936,SendDistance,454393104,454404120,11016
t2207,RecvInput,454478544,454478568,24
t1937,SendDistance,454615260,454625992,10732
t2208,RecvInput,454683620,454683648,28
t1938,SendDistance,454837436,454847628,10192
t2209,RecvInput,454888700,454888728,28
t2210,RecvInput,455093788,455093812,24
t1939,SendDistance,455135492,455145796,10304
t2211,RecvInput,455298840,455298868,28
t1940,SendDistance,455350112,455360792,10680
t2212,RecvInput,455503928,455503956,28
t1941,SendDistance,455572280,455583236,10956
t2213,RecvInput,455708992,455709016,24
t1942,SendDistance,455794432,455805508,11076
t2214,RecvInput,455914060,455914088,28
t1943,SendDistance,456016604,456027952,11348
t2215,RecvInput,456119144,456119172,28
t1944,SendDistance,456238776,456250200,11424
t2216,RecvInput,456324216,456324240,24
t1945,SendDistance,456460928,456472356,11428
t2217,RecvInput,456529292,456529316,24
t1946,SendDistance,456683104,456694552,11448
t2218,RecvInput,456734376,456734404,28
t2219,RecvInput,456939468,456939496,28
t1947,SendDistance,456981180,456992500,11320
t2220,RecvInput,457144520,457144544,24
t1948,SendDistance,457195788,457207144,11356
t2221,RecvInput,457349604,457349628,24
t1949,SendDistance,457417964,457429260,11296
t2222,RecvInput,457554676,457554700,24
t1950,SendDistance,457640120,457651496,11376
t2223,RecvInput,457759740,457759768,28
t1951,SendDistance,457862280,457873716,11436
t2224,RecvInput,457964824,457964848,24
t1952,SendDistance,458084460,458095876,11416
t2225,RecvInput,458169900,458169924,24
t1953,SendDistance,458306616,458317992,11376
t2226,RecvInput,458374968,458374992,24
t1954,SendDistance,458528788,458540176,11388
t2227,RecvInput,458580060,458580084,24
t2228,RecvInput,458785156,458785180,24
t1955,SendDistance,458826868,458838240,11372
t2229,RecvInput,458990208,458990232,24
t1956,SendDistance,459041472,459052896,11424
t2230,RecvInput,459195284,459195312,28
t1957,SendDistance,459263648,459275028,11380
t2231,RecvInput,459400372,459400396,24
t1958,SendDistance,459485816,459497184,11368
t2232,RecvInput,459605440,459605464,24
t1959,SendDistance,459707972,459719340,11368
t2233,RecvInput,459810516,459810544,28
t1960,SendDistance,459930152,459941548,11396
t2234,RecvInput,460015600,460015632,32
t1961,SendDistance,460152316,460163708,11392
t2235,RecvInput,460220668,460220692,24
t1962,SendDistance,460374472,460385904,11432
t2236,RecvInput,460425744,460425772,28
t2237,RecvInput,460630844,460630868,24
t1963,SendDistance,460672556,460683952,11396
t2238,RecvInput,460835896,460835924,28
t1964,SendDistance,460887160,460898572,11412
t2239,RecvInput,461040964,461040988,24
t1965,SendDistance,461109324,461120676,11352
t2240,RecvInput,461246048,461246076,28
t1966,SendDistance,461331496,461342912,11416
t2241,RecvInput,461451116,461451140,24
t1967,SendDistance,461553648,461565080,11432
t2242,RecvInput,461656188,461656212,24
t1968,SendDistance,461775820,461787252,11432
t2243,RecvInput,461861272,461861300,28
t1969,SendDistance,461997996,462009448,11452
t2244,RecvInput,462066344,462066372,28
t1970,SendDistance,462220152,462231656,11504
t2245,RecvInput,462271420,462271448,28
t2246,RecvInput,462476516,462476540,24
t1971,SendDistance,462518228,462529668,11440
t2247,RecvInput,462681580,462681604,24
t1972,SendDistance,462732844,462744312,11468
t2248,RecvInput,462886644,462886668,24
t1973,SendDistance,462955004,462966508,11504
t2249,RecvInput,463091736,463091764,28
t1974,SendDistance,463177184,463188636,11452
t2250,RecvInput,463296804,463296828,24
t1975,SendDistance,463399336,463410832,11496
t2251,RecvInput,463501868,463501892,24
t1976,SendDistance,463621500,463632860,11360
t2252,RecvInput,463706956,463706980,24
t1977,SendDistance,463843680,463855224,11544
t2253,RecvInput,463912028,463912052,24
t1978,SendDistance,464065832,464077384,11552
t2254,RecvInput,464117096,464117120,24
t2255,RecvInput,464322188,464322212,24
t1979,SendDistance,464363892,464375344,11452
t2256,RecvInput,464527264,464527288,24
t1980,SendDistance,464578528,464590012,11484
t2257,RecvInput,464732328,464732352,24
t1981,SendDistance,464800680,464813964,13284
t2258,RecvInput,464937408,464937432,24
t1982,SendDistance,465022860,465034324,11464
t2259,RecvInput,465142492,465142520,28
t1983,SendDistance,465245028,465256560,11532
t2260,RecvInput,465347556,465347588,32
t1984,SendDistance,465467184,465478744,11560
t2261,RecvInput,465552636,465552664,28
t1985,SendDistance,465689360,465700900,11540
t2262,RecvInput,465757720,465757748,28
t1986,SendDistance,465911524,465923176,11652
t2263,RecvInput,465962788,465962812,24
t2264,RecvInput,466167872,466167900,28
t1987,SendDistance,466209580,466221160,11580
t2265,RecvInput,466372948,466372976,28
t1988,SendDistance,466424212,466435828,11616
t2266,RecvInput,466578016,466578040,24
t1989,SendDistance,466646368,466657972,11604
t2267,RecvInput,466783084,466783108,24
t1990,SendDistance,466868536,466880080,11544
t2268,RecvInput,466988176,466988200,24
t1991,SendDistance,467090716,467102312,11596
t2269,RecvInput,467193248,467193272,24
t1992,SendDistance,467312872,467324496,11624
t2270,RecvInput,467398324,467398348,24
t1993,SendDistance,467535048,467546628,11580
t2271,RecvInput,467603412,467603440,28
t1994,SendDistance,467757228,467768784,11556
t2272,RecvInput,467808488,467808516,28
t2273,RecvInput,468013576,468013600,24
t1995,SendDistance,468055280,468066876,11596
t2274,RecvInput,468218652,468218676,24
t1996,SendDistance,468269924,468281492,11568
t2275,RecvInput,468423728,468423756,28
t1997,SendDistance,468492084,468503676,11592
t2276,RecvInput,468628792,468628820,28
t1998,SendDistance,468714248,468725820,11572
t2277,RecvInput,468833884,468833908,24
t1999,SendDistance,468936428,468948016,11588
t2278,RecvInput,469038960,469038984,24
t2000,SendDistance,469158584,469170172,11588
t2279,RecvInput,469244024,469244048,24
t2001,SendDistance,469380748,469392380,11632
t2280,RecvInput,469449112,469449140,28
t2002,SendDistance,469602928,469614500,11572
t2281,RecvInput,469654192,469654216,24
t2282,RecvInput,469859276,469859304,28
t2003,SendDistance,469900980,469912548,11568
t2283,RecvInput,470064348,470064376,28
t2004,SendDistance,470115624,470127256,11632
t2284,RecvInput,470269440,470269468,28
t2005,SendDistance,470337796,470349376,11580
t2285,RecvInput,470474508,470474532,24
t2006,SendDistance,470559952,470571520,11568
t2286,RecvInput,470679592,470679616,24
t2007,SendDistance,470782132,470793740,11608
t2287,RecvInput,470884680,470884704,24
t2008,SendDistance,471004304,471015900,11596
t2288,RecvInput,471089744,471089772,28
t2009,SendDistance,471226460,471238108,11648
t2289,RecvInput,471294824,471294852,28
t2010,SendDistance,471448640,471461344,12704
t2290,RecvInput,471499912,471499936,24
t2291,RecvInput,471704996,471705024,28
t2011,SendDistance,471746708,471758264,11556
t2292,RecvInput,471910052,471910080,28
t2012,SendDistance,471961324,472066040,104716
t2293,RecvInput,472115144,472115172,28
t2013,SendDistance,472268952,472280420,11468
t2294,RecvInput,472320212,472320240,28
t2295,RecvInput,472525300,472525324,24
t2014,SendDistance,472567008,472578576,11568
t2296,RecvInput,472730376,472730400,24
t2015,SendDistance,472781648,472793244,11596
t2297,RecvInput,472935456,472935480,24
t2016,SendDistance,473003804,473015404,11600
t2298,RecvInput,473140516,473140540,24
t2017,SendDistance,473225968,473237548,11580
t2299,RecvInput,473345604,473345632,28
t2018,SendDistance,473448152,473459704,11552
t2300,RecvInput,473550684,473550708,24
t2019,SendDistance,473670308,473681900,11592
t2301,RecvInput,473755752,473755776,24
t2020,SendDistance,473892476,473904032,11556
t2302,RecvInput,473960844,473960868,24
t2021,SendDistance,474114656,474126200,11544
t2303,RecvInput,474165916,474165940,24
t2304,RecvInput,474371004,474371028,24
t2022,SendDistance,474412708,474424288,11580
t2305,RecvInput,474576076,474576104,28
t2023,SendDistance,474627352,474732052,104700
t2306,RecvInput,474781140,474781168,28
t2024,SendDistance,474934944,474946448,11504
t2307,RecvInput,474986204,474986232,28
t2308,RecvInput,475191304,475191328,24
t2025,SendDistance,475233008,475244592,11584
t2309,RecvInput,475396372,475396400,28
t2026,SendDistance,475447636,475459248,11612
t2310,RecvInput,475601436,475601464,28
t2027,SendDistance,475669792,475681428,11636
t2311,RecvInput,475806516,475806540,24
t2028,SendDistance,475891968,475903612,11644
t2312,RecvInput,476011604,476011628,24
t2029,SendDistance,476114140,476125704,11564
t2313,RecvInput,476216672,476216696,24
t2030,SendDistance,476336296,476347928,11632
t2314,RecvInput,476421748,476421772,24
t2031,SendDistance,476558472,476570096,11624
t2315,RecvInput,476626828,476626856,28
t2032,SendDistance,476780632,476792252,11620
t2316,RecvInput,476831892,476831916,24
t2317,RecvInput,477036976,477037000,24
t2033,SendDistance,477078684,477090316,11632
t2318,RecvInput,477242052,477242080,28
t2034,SendDistance,477293316,477304948,11632
t2319,RecvInput,477447116,477447144,28
t2035,SendDistance,477515472,477527080,11608
t2320,RecvInput,477652184,477652208,24
t2036,SendDistance,477737636,477749260,11624
t2321,RecvInput,477857272,477857300,28
t2037,SendDistance,477959812,477971404,11592
t2322,RecvInput,478062344,478062368,24
t2038,SendDistance,478181968,478193600,11632
t2323,RecvInput,478267420,478267444,24
t2039,SendDistance,478404136,478416904,12768
t2324,RecvInput,478472500,478472524,24
t2325,RecvInput,478677564,478677592,28
t2040,SendDistance,478626312,478772764,146452
t2326,RecvInput,478882612,478882636,24
t2041,SendDistance,478985156,478996704,11548
t2327,RecvInput,479087700,479087724,24
t2042,SendDistance,479207332,479218952,11620
t2328,RecvInput,479292772,479292796,24
t2043,SendDistance,479429488,479441080,11592
t2329,RecvInput,479497836,479497864,28
t2044,SendDistance,479651652,479663292,11640
t2330,RecvInput,479702920,479702948,28
t2331,RecvInput,479908016,479908044,28
t2045,SendDistance,479949720,479961276,11556
t2332,RecvInput,480113072,480113096,24
t2046,SendDistance,480164336,480175944,11608
t2333,RecvInput,480318148,480318176,28
t2047,SendDistance,480386512,480398140,11628
t2334,RecvInput,480523236,480523260,24
t2048,SendDistance,480608680,480713392,104712
t2335,RecvInput,480728276,480728300,24
t2336,RecvInput,480967544,480967568,24
t2049,SendDistance,481009248,481020736,11488
t2337,RecvInput,481172620,481172644,24
t2050,SendDistance,481223880,481235460,11580
t2338,RecvInput,481377680,481377708,28
t2051,SendDistance,481446036,481550736,104700
t2339,RecvInput,481582760,481582784,24
t2340,RecvInput,481804940,481804968,28
t2052,SendDistance,481846644,481858172,11528
t14,SendWeatherData,481906080,481942500,36420
t2341,RecvInput,482009968,482009992,24
t2053,SendDistance,482061228,482165948,104720
t2342,RecvInput,482215040,482215064,24
t2054,SendDistance,482368852,482380432,11580
t2343,RecvInput,482420112,482420136,24
t2344,RecvInput,482625196,482625220,24
t2055,SendDistance,482666904,482771628,104724
t2345,RecvInput,482830252,482830280,28
t2056,SendDistance,482984068,482995540,11472
t2346,RecvInput,483035332,483035360,28
t2347,RecvInput,483240416,483240444,28
t2057,SendDistance,483282128,483307140,25012
t2348,RecvInput,483445476,483445500,24
t2058,SendDistance,483513836,483525448,11612
t2349,RecvInput,483650568,483650596,28
t2059,SendDistance,483736008,483747616,11608
t2350,RecvInput,483855628,483855652,24
t2060,SendDistance,483958160,483970852,12692
t2351,RecvInput,484060700,484060728,28
t2061,SendDistance,484180336,484191868,11532
t2352,RecvInput,484265788,484265812,24
t2062,SendDistance,484402504,484414048,11544
t2353,RecvInput,484470852,484470880,28
t2063,SendDistance,484624656,484636192,11536
t2354,RecvInput,484675932,484675956,24
t2355,RecvInput,484881028,484881052,24
t2064,SendDistance,484922740,484934216,11476
t2356,RecvInput,485086088,485086116,28
t2065,SendDistance,485137352,485148900,11548
t2357,RecvInput,485291152,485291180,28
t2066,SendDistance,485359512,485371044,11532
t2358,RecvInput,485496236,485496264,28
t2067,SendDistance,485581688,485593188,11500
t2359,RecvInput,485701312,485701336,24
t2068,SendDistance,485803844,485815332,11488
t2360,RecvInput,485906376,485906400,24
t2069,SendDistance,486026008,486037504,11496
t2361,RecvInput,486111460,486111488,28
t2070,SendDistance,486248184,486259672,11488
t2362,RecvInput,486316536,486316560,24
t2071,SendDistance,486470340,486481856,11516
t2363,RecvInput,486521600,486521628,28
t2364,RecvInput,486726704,486726728,24
t2072,SendDistance,486768416,486779956,11540
t2365,RecvInput,486931772,486931796,24
t2073,SendDistance,486983032,486994536,11504
t2366,RecvInput,487136832,487136860,28
t2074,SendDistance,487205192,487216692,11500
t2367,RecvInput,487341916,487341940,24
t2075,SendDistance,487427368,487438888,11520
t2368,RecvInput,487547000,487547024,24
t2076,SendDistance,487649532,487661084,11552
t2369,RecvInput,487752060,487752088,28
t2077,SendDistance,487871684,487883192,11508
t2370,RecvInput,487957140,487957164,24
t2078,SendDistance,488093860,488105388,11528
t2371,RecvInput,488162216,488162244,28
t2079,SendDistance,488316020,488327504,11484
t2372,RecvInput,488367280,488367308,28
t2373,RecvInput,488572368,488572392,24
t2080,SendDistance,488614080,488625568,11488
t2374,RecvInput,488777440,488777464,24
t2081,SendDistance,488828704,488840160,11456
t2375,RecvInput,488982504,488982536,32
t2082,SendDistance,489050856,489062344,11488
t2376,RecvInput,489187576,489187600,24
t2083,SendDistance,489273024,489284552,11528
t2377,RecvInput,489392660,489392684,24
t2084,SendDistance,489495196,489599904,104708
t2378,RecvInput,489597708,489597732,24
t2379,RecvInput,489854056,489854080,24
t2085,SendDistance,489895760,489907172,11412
t2380,RecvInput,490059132,490059156,24
t2086,SendDistance,490110396,490121908,11512
t2381,RecvInput,490264196,490264224,28
t2087,SendDistance,490332552,490343960,11408
t2382,RecvInput,490469268,490469292,24
t2088,SendDistance,490554720,490566156,11436
t2383,RecvInput,490674356,490674380,24
t2089,SendDistance,490776892,490788364,11472
t2384,RecvInput,490879420,490879444,24
t2090,SendDistance,490999044,491010628,11584
t2385,RecvInput,491084496,491084520,24
t2091,SendDistance,491221216,491232704,11488
t2386,RecvInput,491289584,491289612,28
t2092,SendDistance,491443392,491454900,11508
t2387,RecvInput,491494656,491494680,24
t2388,RecvInput,491699740,491699764,24
t2093,SendDistance,491741448,491752992,11544
t2389,RecvInput,491904816,491904840,24
t2094,SendDistance,491956084,491967544,11460
t2390,RecvInput,492109888,492109912,24
t2095,SendDistance,492178240,492189844,11604
t2391,RecvInput,492314952,492314976,24
t2096,SendDistance,492400404,492412012,11608
t2392,RecvInput,492520036,492520064,28
t2097,SendDistance,492622580,492634144,11564
t2393,RecvInput,492725112,492725136,24
t2098,SendDistance,492844736,492856340,11604
t2394,RecvInput,492930176,492930200,24
t2099,SendDistance,493066900,493078496,11596
t2395,RecvInput,493135264,493135288,24
t2100,SendDistance,493289076,493300604,11528
t2396,RecvInput,493340336,493340360,24
t2397,RecvInput,493545424,493545448,24
t2101,SendDistance,493587124,493598640,11516
t2398,RecvInput,493750492,493750516,24
t2102,SendDistance,493801764,493813272,11508
t2399,RecvInput,493955576,493955600,24
t2103,SendDistance,494023928,494035504,11576
t2400,RecvInput,494160640,494160664,24
t2104,SendDistance,494246084,494350796,104712
t2401,RecvInput,494365724,494365752,28
t2402,RecvInput,494604996,494605020,24
t2105,SendDistance,494646704,494658100,11396
t2403,RecvInput,494810052,494810076,24
t2106,SendDistance,494861324,494872784,11460
t2404,RecvInput,495015132,495015156,24
t2107,SendDistance,495083496,495094940,11444
t2405,RecvInput,495220216,495220244,28
t2108,SendDistance,495305660,495317148,11488
t2406,RecvInput,495425284,495425308,24
t2109,SendDistance,495527816,495539256,11440
t2407,RecvInput,495630364,495630392,28
t2110,SendDistance,495749992,495761516,11524
t2408,RecvInput,495835444,495835468,24
t2111,SendDistance,495972156,495983632,11476
t2409,RecvInput,496040504,496040528,24
t2112,SendDistance,496194308,496205832,11524
t2410,RecvInput,496245580,496245604,24
t2411,RecvInput,496450672,496450700,28
t2113,SendDistance,496492376,496503920,11544
t2412,RecvInput,496655724,496655748,24
t2114,SendDistance,496706984,496718484,11500
t2413,RecvInput,496860788,496860816,28
t2115,SendDistance,496929152,496940628,11476
t2414,RecvInput,497065876,497065900,24
t2116,SendDistance,497151320,497162824,11504
t2415,RecvInput,497270940,497270968,28
t2117,SendDistance,497373476,497385032,11556
t2416,RecvInput,497476008,497476036,28
t2118,SendDistance,497595644,497607204,11560
t2417,RecvInput,497681096,497681124,28
t2119,SendDistance,497817820,497829424,11604
t2418,RecvInput,497886172,497886196,24
t2419,RecvInput,498091248,498091276,28
t2120,SendDistance,498039976,498186432,146456
t2420,RecvInput,498296336,498296360,24
t2121,SendDistance,498398880,498410280,11400
t2421,RecvInput,498501412,498501436,24
t2422,RecvInput,498706476,498706500,24
t2122,SendDistance,498621036,498767492,146456
t2423,RecvInput,498911560,498911584,24
t2123,SendDistance,498979920,498991352,11432
t2424,RecvInput,499116636,499116660,24
t2124,SendDistance,499202084,499213716,11632
t2425,RecvInput,499321700,499321724,24
t2125,SendDistance,499424240,499435796,11556
t2426,RecvInput,499526788,499526812,24
t2126,SendDistance,499646420,499658044,11624
t2427,RecvInput,499731860,499731888,28
t2127,SendDistance,499868576,499881268,12692
t2428,RecvInput,499936928,499936952,24
t2128,SendDistance,500090740,500102320,11580
t2429,RecvInput,500142012,500142040,28
t2430,RecvInput,500347108,500347136,28
t2129,SendDistance,500388816,500400344,11528
t2431,RecvInput,500552164,500552192,28
t2130,SendDistance,500603432,500614988,11556
t2432,RecvInput,500757244,500757272,28
t2131,SendDistance,500825608,500930316,104708
t2433,RecvInput,500962328,500962356,28
t2434,RecvInput,501184500,501184532,32
t2132,SendDistance,501226212,501237648,11436
t2435,RecvInput,501389564,501389588,24
t2133,SendDistance,501440836,501545540,104704
t2436,RecvInput,501594644,501594668,24
t2134,SendDistance,501748444,501759872,11428
t2437,RecvInput,501799708,501799732,24
t2438,RecvInput,502004796,502004820,24
t2135,SendDistance,502046496,502151224,104728
t2439,RecvInput,502209880,502209904,24
t2136,SendDistance,502363688,502375136,11448
t2440,RecvInput,502414948,502414972,24
t2441,RecvInput,502620036,502620060,24
t2137,SendDistance,502661748,502766476,104728
t2442,RecvInput,502825112,502825136,24
t2138,SendDistance,502978916,502990412,11496
t2443,RecvInput,503030176,503030204,28
t2444,RecvInput,503235264,503235292,28
t2139,SendDistance,503276972,503381700,104728
t2445,RecvInput,503440344,503440372,28
t2140,SendDistance,503594156,503605532,11376
t2446,RecvInput,503645416,503645440,24
t2447,RecvInput,503850504,503850528,24
t2141,SendDistance,503892212,503903664,11452
t2448,RecvInput,504055580,504055604,24
t2142,SendDistance,504106852,504118240,11388
t2449,RecvInput,504260656,504260684,28
t2143,SendDistance,504329012,504340568,11556
t2450,RecvInput,504465724,504465748,24
t2144,SendDistance,504551176,504655880,104704
t2451,RecvInput,504670812,504670840,28
t2452,RecvInput,504910092,504910116,24
t2145,SendDistance,504951804,504963332,11528
t2453,RecvInput,505115148,505115172,24
t2146,SendDistance,505166420,505177948,11528
t2454,RecvInput,505320236,505320260,24
t2147,SendDistance,505388596,505400080,11484
t2455,RecvInput,505525312,505525336,24
t2148,SendDistance,505610756,505622300,11544
t2456,RecvInput,505730380,505730404,24
t2149,SendDistance,505832920,505844408,11488
t2457,RecvInput,505935468,505935492,24
t2150,SendDistance,506055104,506066500,11396
t2458,RecvInput,506140544,506140572,28
t2151,SendDistance,506277264,506288680,11416
t2459,RecvInput,506345616,506345640,24
t2152,SendDistance,506499428,506510956,11528
t2460,RecvInput,506550704,506550728,24
t2461,RecvInput,506755800,506755824,24
t2153,SendDistance,506797504,506809008,11504
t2462,RecvInput,506960856,506960880,24
t2154,SendDistance,507012128,507023612,11484
t2463,RecvInput,507165936,507165964,28
t2155,SendDistance,507234300,507339016,104716
t2464,RecvInput,507371012,507371040,28
t2465,RecvInput,507593188,507593212,24
t2156,SendDistance,507634900,507646376,11476
t2466,RecvInput,507798260,507798284,24
t2157,SendDistance,507849532,507861044,11512
t2467,RecvInput,508003356,508003384,28
t2158,SendDistance,508071708,508083208,11500
t2468,RecvInput,508208420,508208444,24
t2159,SendDistance,508293864,508305424,11560
t2469,RecvInput,508413504,508413528,24
t2160,SendDistance,508516048,508527556,11508
t2470,RecvInput,508618596,508618620,24
t2161,SendDistance,508738220,508749752,11532
t2471,RecvInput,508823664,508823688,24
t2162,SendDistance,508960380,508971816,11436
t2472,RecvInput,509028744,509028772,28
t2163,SendDistance,509182560,509194052,11492
t2473,RecvInput,509233832,509233860,28
t2474,RecvInput,509438920,509438944,24
t2164,SendDistance,509480624,509492064,11440
t2475,RecvInput,509643976,509644004,28
t2165,SendDistance,509695252,509706720,11468
t2476,RecvInput,509849068,509849096,28
t2166,SendDistance,509917428,509928916,11488
t2477,RecvInput,510054144,510054168,24
t2167,SendDistance,510139588,510151048,11460
t2478,RecvInput,510259220,510259248,28
t2168,SendDistance,510361760,510373256,11496
t2479,RecvInput,510464308,510464332,24
t2169,SendDistance,510583944,510595440,11496
t2480,RecvInput,510669384,510669412,28
t2170,SendDistance,510806100,510817544,11444
t2481,RecvInput,510874460,510874484,24
t2171,SendDistance,511028276,511039752,11476
t2482,RecvInput,511079548,511079572,24
t2483,RecvInput,511284644,511284672,28
t2172,SendDistance,511326352,511337764,11412
t2484,RecvInput,511489704,511489728,24
t2173,SendDistance,511540976,511552516,11540
t2485,RecvInput,511694788,511694816,28
t2174,SendDistance,511763152,511774592,11440
t2486,RecvInput,511899872,511899896,24
t2175,SendDistance,511985316,511996760,11444
t2487,RecvInput,512104940,512104964,24
t2176,SendDistance,512207484,512218932,11448
t2488,RecvInput,512310028,512310052,24
t2489,RecvInput,512515100,512515124,24
t2177,SendDistance,512429664,512576120,146456
t2490,RecvInput,512720156,512720184,28
t2178,SendDistance,512788520,512893228,104708
t2491,RecvInput,512925244,512925268,24
t2492,RecvInput,513147432,513147456,24
t2179,SendDistance,513189136,513200520,11384
t2493,RecvInput,513352488,513352512,24
t2180,SendDistance,513403756,513415280,11524
t2494,RecvInput,513557576,513557600,24
t2181,SendDistance,513625936,513637412,11476
t2495,RecvInput,513762664,513762692,28
t2182,SendDistance,513848108,513859620,11512
t15,SendWeatherData,513907528,513943844,36316
t2496,RecvInput,513967712,513967740,28
t2183,SendDistance,514070244,514081752,11508
t2497,RecvInput,514189880,514189904,24
t2184,SendDistance,514292424,514303924,11500
t2498,RecvInput,514394968,514394996,28
t2185,SendDistance,514514596,514526016,11420
t2499,RecvInput,514600036,514600060,24
t2186,SendDistance,514736752,514748212,11460
t2500,RecvInput,514805120,514805148,28
t2187,SendDistance,514958940,514970460,11520
t2501,RecvInput,515010208,515010232,24
t2502,RecvInput,515215296,515215320,24
t2188,SendDistance,515257008,515268456,11448
t2503,RecvInput,515420356,515420380,24
t2189,SendDistance,515471632,515483128,11496
t2504,RecvInput,515625448,515625472,24
t2190,SendDistance,515693800,515705296,11496
t2505,RecvInput,515830512,515830540,28
t2191,SendDistance,515915956,515927468,11512
t2506,RecvInput,516035592,516035616,24
t2192,SendDistance,516138128,516149596,11468
t2507,RecvInput,516240676,516240700,24
t2193,SendDistance,516360304,516371740,11436
t2508,RecvInput,516445748,516445776,28
t2194,SendDistance,516582464,516593884,11420
t2509,RecvInput,516650828,516650852,24
t2195,SendDistance,516804648,516816096,11448
t2510,RecvInput,516855920,516855944,24
t2511,RecvInput,517061016,517061040,24
t2196,SendDistance,517102720,517114224,11504
t2512,RecvInput,517266076,517266100,24
t2197,SendDistance,517317348,517328828,11480
t2513,RecvInput,517471168,517471192,24
t2198,SendDistance,517539532,517550932,11400
t2514,RecvInput,517676244,517676272,28
t2199,SendDistance,517761692,517773192,11500
t2515,RecvInput,517881312,517881336,24
t2200,SendDistance,517983856,517995336,11480
t2516,RecvInput,518086404,518086428,24
t2201,SendDistance,518206040,518217560,11520
t2517,RecvInput,518291488,518291512,24
t2202,SendDistance,518428196,518439716,11520
t2518,RecvInput,518496548,518496576,28
t2203,SendDistance,518650360,518661940,11580
t2519,RecvInput,518701636,518701660,24
t2520,RecvInput,518906732,518906760,28
t2204,SendDistance,518948448,518959964,11516
t2521,RecvInput,519111792,519111816,24
t2205,SendDistance,519163060,519174608,11548
t2522,RecvInput,519316876,519316900,24
t2206,SendDistance,519385240,519396660,11420
t2523,RecvInput,519521968,519521992,24
t2207,SendDistance,519607412,519618932,11520
t2524,RecvInput,519727036,519727060,24
t2208,SendDistance,519829572,519841040,11468
t2525,RecvInput,519932120,519932144,24
t2209,SendDistance,520051752,520063220,11468
t2526,RecvInput,520137208,520137236,28
t2210,SendDistance,520273932,520285404,11472
t2527,RecvInput,520342276,520342304,28
t2211,SendDistance,520496084,520507588,11504
t2528,RecvInput,520547368,520547392,24
t2529,RecvInput,520752460,520752484,24
t2212,SendDistance,520794168,520805624,11456
t2530,RecvInput,520957520,520957544,24
t2213,SendDistance,521008784,521020244,11460
t2531,RecvInput,521162588,521162616,28
t2214,SendDistance,521230956,521242440,11484
t2532,RecvInput,521367684,521367708,24
t2215,SendDistance,521453136,521464636,11500
t2533,RecvInput,521572760,521572784,24
t2216,SendDistance,521675292,521686740,11448
t2534,RecvInput,521777836,521777860,24
t2217,SendDistance,521897472,521908924,11452
t2535,RecvInput,521982928,521982952,24
t2218,SendDistance,522119652,522131132,11480
t2536,RecvInput,522188004,522188032,28
t2219,SendDistance,522341812,522353224,11412
t2537,RecvInput,522393084,522393108,24
t2538,RecvInput,522598184,522598208,24
t2220,SendDistance,522639888,522651340,11452
t2539,RecvInput,522803256,522803280,24
t2221,SendDistance,522854520,522865996,11476
t2540,RecvInput,523008324,523008352,28
t2222,SendDistance,523076688,523088164,11476
t2541,RecvInput,523213416,523213444,28
t2223,SendDistance,523298872,523310256,11384
t2542,RecvInput,523418500,523418524,24
t2224,SendDistance,523521044,523532544,11500
t2543,RecvInput,523623568,523623596,28
t2225,SendDistance,523743208,523754636,11428
t2544,RecvInput,523828660,523828688,28
t2226,SendDistance,523965388,523976832,11444
t2545,RecvInput,524033740,524033768,28
t2227,SendDistance,524187548,524199016,11468
t2546,RecvInput,524238812,524238836,24
t2547,RecvInput,524443904,524443932,28
t2228,SendDistance,524485616,524497068,11452
t2548,RecvInput,524648988,524649012,24
t2229,SendDistance,524700252,524804960,104708
t2549,RecvInput,524854036,524854060,24
t2230,SendDistance,525007844,525019120,11276
t2550,RecvInput,525059124,525059148,24
t2551,RecvInput,525264224,525264248,24
t2231,SendDistance,525305928,525317264,11336
t2552,RecvInput,525469284,525469308,24
t2232,SendDistance,525520548,525531892,11344
t2553,RecvInput,525674364,525674388,24
t2233,SendDistance,525742728,525754116,11388
t2554,RecvInput,525879456,525879480,24
t2234,SendDistance,525964904,525976296,11392
t2555,RecvInput,526084528,526084552,24
t2235,SendDistance,526187064,526198508,11444
t2556,RecvInput,526289608,526289632,24
t2236,SendDistance,526409244,526420740,11496
t2557,RecvInput,526494700,526494732,32
t2237,SendDistance,526631416,526642936,11520
t2558,RecvInput,526699768,526699796,28
t2238,SendDistance,526853576,526865056,11480
t2559,RecvInput,526904852,526904880,28
t2560,RecvInput,527109952,527109980,28
t2239,SendDistance,527151656,527163184,11528
t2561,RecvInput,527315020,527315048,28
t2240,SendDistance,527366288,527377776,11488
t2562,RecvInput,527520092,527520120,28
t2241,SendDistance,527588460,527599944,11484
t2563,RecvInput,527725188,527725212,24
t2242,SendDistance,527810640,527822208,11568
t2564,RecvInput,527930264,527930292,28
t2243,SendDistance,528032808,528044364,11556
t2565,RecvInput,528135340,528135364,24
t2244,SendDistance,528254980,528266468,11488
t2566,RecvInput,528340432,528340460,28
t2245,SendDistance,528477160,528488624,11464
t2567,RecvInput,528545512,528545536,24
t2246,SendDistance,528699320,528710808,11488
t2568,RecvInput,528750588,528750616,28
t2569,RecvInput,528955688,528955712,24
t2247,SendDistance,528997400,529008872,11472
t2570,RecvInput,529160772,529160800,28
t2248,SendDistance,529212040,529223528,11488
t2571,RecvInput,529365844,529365868,24
t2249,SendDistance,529434204,529445684,11480
t2572,RecvInput,529570936,529570960,24
t2250,SendDistance,529656392,529667948,11556
t2573,RecvInput,529776024,529776052,28
t2251,SendDistance,529878564,529983276,104712
t2574,RecvInput,529981080,529981108,28
t2575,RecvInput,530237448,530237476,28
t2252,SendDistance,530279156,530290608,11452
t2576,RecvInput,530442524,530442548,24
t2253,SendDistance,530493792,530505328,11536
t2577,RecvInput,530647596,530647620,24
t2254,SendDistance,530715960,530727564,11604
t2578,RecvInput,530852688,530852712,24
t2255,SendDistance,530938144,530949668,11524
t2579,RecvInput,531057776,531057804,28
t2256,SendDistance,531160316,531171852,11536
t2580,RecvInput,531262848,531262876,28
t2257,SendDistance,531382476,531393892,11416
t2581,RecvInput,531467936,531467960,24
t2258,SendDistance,531604660,531616008,11348
t2582,RecvInput,531673016,531673044,28
t2259,SendDistance,531826824,531838220,11396
t2583,RecvInput,531878088,531878112,24
t2584,RecvInput,532083176,532083204,28
t2260,SendDistance,532124884,532136320,11436
t2585,RecvInput,532288260,532288284,24
t2261,SendDistance,532339524,532350900,11376
t2586,RecvInput,532493336,532493360,24
t2262,SendDistance,532561684,532573084,11400
t2587,RecvInput,532698404,532698432,28
t2263,SendDistance,532783860,532795316,11456
t2588,RecvInput,532903496,532903524,28
t2264,SendDistance,533006032,533017460,11428
t2589,RecvInput,533108568,533108592,24
t2590,RecvInput,533313648,533313676,28
t2265,SendDistance,533228192,533374648,146456
t2591,RecvInput,533518744,533518768,24
t2266,SendDistance,533587104,533598576,11472
t2592,RecvInput,533723816,533723844,28
t2267,SendDistance,533809264,533820720,11456
t2593,RecvInput,533928888,533928912,24
t2268,SendDistance,534031432,534042940,11508
t2594,RecvInput,534133980,534134008,28
t2269,SendDistance,534253616,534265136,11520
t2595,RecvInput,534339060,534339084,24
t2270,SendDistance,534475784,534487308,11524
t2596,RecvInput,534544136,534544164,28
t2271,SendDistance,534697952,534709452,11500
t2597,RecvInput,534749228,534749256,28
t2598,RecvInput,534954324,534954352,28
t2272,SendDistance,534996036,535007552,11516
t2599,RecvInput,535159384,535159408,24
t2273,SendDistance,535210656,535222132,11476
t2600,RecvInput,535364476,535364500,24
t2274,SendDistance,535432840,535444340,11500
t2601,RecvInput,535569560,535569588,28
t2275,SendDistance,535655008,535666484,11476
t2602,RecvInput,535774632,535774660,28
t2276,SendDistance,535877176,535888656,11480
t2603,RecvInput,535979724,535979748,24
t2277,SendDistance,536099360,536110836,11476
t2604,RecvInput,536184804,536184828,24
t2278,SendDistance,536321520,536333048,11528
t2605,RecvInput,536389872,536389896,24
t2279,SendDistance,536543684,536555216,11532
t2606,RecvInput,536594960,536594984,24
t2607,RecvInput,536800056,536800084,28
t2280,SendDistance,536841764,536853268,11504
t2608,RecvInput,537005116,537005140,24
t2281,SendDistance,537056380,537067792,11412
t2609,RecvInput,537210200,537210224,24
t2282,SendDistance,537278564,537289848,11284
t2610,RecvInput,537415292,537415316,24
t2283,SendDistance,537500736,537514188,13452
t2611,RecvInput,537620356,537620380,24
t2284,SendDistance,537722896,537736500,13604
t2612,RecvInput,537825436,537825460,24
t2613,RecvInput,538030516,538030544,28
t2285,SendDistance,537945068,538091516,146448
t2614,RecvInput,538235576,538235600,24
t2286,SendDistance,538303928,538315456,11528
t2615,RecvInput,538440648,538440672,24
t2287,SendDistance,538526100,538537184,11084
t2616,RecvInput,538645740,538645764,24
t2288,SendDistance,538748272,538758728,10456
t2617,RecvInput,538850804,538850832,28
t2289,SendDistance,538970428,538980328,9900
t2618,RecvInput,539055884,539055908,24
t2619,RecvInput,539260968,539260992,24
t2290,SendDistance,539192604,539339064,146460
t2620,RecvInput,539466028,539466056,28
t2291,SendDistance,539551472,539561140,9668
t2621,RecvInput,539671100,539671124,24
t2292,SendDistance,539773644,539783232,9588
t2622,RecvInput,539876192,539876216,24
t2293,SendDistance,539995824,540005508,9684
t2623,RecvInput,540081268,540081296,28
t2294,SendDistance,540217988,540228144,10156
t2624,RecvInput,540286348,540286372,24
t2295,SendDistance,540440164,540449924,9760
t2625,RecvInput,540491440,540491468,28
t2626,RecvInput,540696540,540696564,24
t2296,SendDistance,540738256,540748224,9968
t2627,RecvInput,540901596,540901624,28
t2297,SendDistance,540952872,540963140,10268
t2628,RecvInput,541106692,541106716,24
t2298,SendDistance,541175056,541185620,10564
t2629,RecvInput,541311780,541311804,24
t2299,SendDistance,541397224,541408272,11048
t2630,RecvInput,541516848,541516872,24
t2300,SendDistance,541619388,541630560,11172
t2631,RecvInput,541721936,541721960,24
t2301,SendDistance,541841572,541856448,14876
t2632,RecvInput,541927016,541927040,24
t2633,RecvInput,542132076,542132104,28
t2302,SendDistance,542063732,542210176,146444
t2634,RecvInput,542337160,542337184,24
t2303,SendDistance,542422616,542434104,11488
t2635,RecvInput,542542252,542542276,24
t2304,SendDistance,542644788,542657924,13136
t2636,RecvInput,542747320,542747348,28
t2637,RecvInput,542952408,542952432,24
t2305,SendDistance,542866948,543013396,146448
t2638,RecvInput,543157496,543157524,28
t2306,SendDistance,543225852,543235148,9296
t2639,RecvInput,543362568,543362592,24
t2307,SendDistance,543448012,543552728,104716
t2640,RecvInput,543567648,543567672,24
t2641,RecvInput,543806924,543806948,24
t2308,SendDistance,543848636,543856288,7652
t2642,RecvInput,544011984,544012008,24
t2309,SendDistance,544063244,544072572,9328
t2643,RecvInput,544217060,544217084,24
t2310,SendDistance,544285420,544294728,9308
t2644,RecvInput,544422152,544422176,24
t2311,SendDistance,544507600,544517068,9468
t2645,RecvInput,544627224,544627252,28
t2312,SendDistance,544729760,544739352,9592
t2646,RecvInput,544832308,544832336,28
t2313,SendDistance,544951948,544961172,9224
t2647,RecvInput,545037404,545037428,24
t2314,SendDistance,545174124,545183720,9596
t2648,RecvInput,545242480,545242504,24
t2315,SendDistance,545396284,545405408,9124
t2649,RecvInput,545447560,545447588,28
t2650,RecvInput,545652664,545652688,24
t2316,SendDistance,545694376,545799100,104724
t2651,RecvInput,545857708,545857732,24
t16,SendWeatherData,545943152,545979524,36372
t2317,SendDistance,546011500,546033736,22236
t2652,RecvInput,546062776,546062800,24
t2653,RecvInput,546284968,546284996,28
t2318,SendDistance,546326680,546335752,9072
t2654,RecvInput,546490036,546490060,24
t2319,SendDistance,546541300,546550344,9044
t2655,RecvInput,546695104,546695132,28
t2320,SendDistance,546763472,546772500,9028
t2656,RecvInput,546900204,546900228,24
t2321,SendDistance,546985660,546994672,9012
t2657,RecvInput,547105288,547105312,24
t2322,SendDistance,547207824,547216856,9032
t2658,RecvInput,547310360,547310388,28
t2323,SendDistance,547430000,547439088,9088
t2659,RecvInput,547515460,547515484,24
t2324,SendDistance,547652188,547661284,9096
t2660,RecvInput,547720544,547720568,24
t2325,SendDistance,547874352,547883468,9116
t2661,RecvInput,547925616,547925644,28
t2662,RecvInput,548130716,548130744,28
t2326,SendDistance,548172420,548277148,104728
t2663,RecvInput,548335784,548335812,28
t2327,SendDistance,548489592,548497536,7944
t2664,RecvInput,548540860,548540884,24
t2665,RecvInput,548745952,548745980,28
t2328,SendDistance,548787660,548796784,9124
t2666,RecvInput,548951036,548951068,32
t2329,SendDistance,549002300,549011400,9100
t2667,RecvInput,549156108,549156132,24
t2330,SendDistance,549224472,549233532,9060
t2668,RecvInput,549361192,549361220,28
t2331,SendDistance,549446652,549455688,9036
t2669,RecvInput,549566288,549566312,24
t2332,SendDistance,549668824,549677832,9008
t2670,RecvInput,549771360,549771384,24
t2333,SendDistance,549890988,549900028,9040
t2671,RecvInput,549976444,549976472,28
t2334,SendDistance,550113176,550122224,9048
t2672,RecvInput,550181540,550181568,28
t2335,SendDistance,550335348,550344396,9048
t2673,RecvInput,550386612,550386640,28
t2674,RecvInput,550591704,550591728,24
t2336,SendDistance,550633412,550642484,9072
t2675,RecvInput,550796784,550796808,24
t2337,SendDistance,550848052,550857076,9024
t2676,RecvInput,551001856,551001880,24
t2338,SendDistance,551070212,551079312,9100
t2677,RecvInput,551206936,551206960,24
t2339,SendDistance,551292384,551397096,104712
t2678,RecvInput,551412024,551412052,28
t2679,RecvInput,551651300,551651324,24
t2340,SendDistance,551693016,551700620,7604
t2680,RecvInput,551856364,551856388,24
t2341,SendDistance,551907636,551916720,9084
t2681,RecvInput,552061456,552061480,24
t2342,SendDistance,552129816,552138888,9072
t2682,RecvInput,552266528,552266556,28
t2343,SendDistance,552351976,552361072,9096
t2683,RecvInput,552471604,552471628,24
t2344,SendDistance,552574152,552583292,9140
t2684,RecvInput,552676700,552676724,24
t2345,SendDistance,552796336,552805452,9116
t2685,RecvInput,552881780,552881804,24
t2346,SendDistance,553018496,553027544,9048
t2686,RecvInput,553086852,553086880,28
t2347,SendDistance,553240672,553249712,9040
t2687,RecvInput,553291948,553291976,28
t2688,RecvInput,553497048,553497076,28
t2348,SendDistance,553538756,553547816,9060
t2689,RecvInput,553702108,553702136,28
t2349,SendDistance,553753384,553762408,9024
t2690,RecvInput,553907212,553907236,24
t2350,SendDistance,553975568,553984588,9020
t2691,RecvInput,554112292,554112320,28
t2351,SendDistance,554197740,554206812,9072
t2692,RecvInput,554317364,554317392,28
t2352,SendDistance,554419912,554428980,9068
t2693,RecvInput,554522460,554522484,24
t2353,SendDistance,554642100,554651112,9012
t2694,RecvInput,554727544,554727572,28
t2354,SendDistance,554864264,554873308,9044
t2695,RecvInput,554932616,554932644,28
t2355,SendDistance,555086428,555095480,9052
t2696,RecvInput,555137704,555137728,24
t2697,RecvInput,555342804,555342832,28
t2356,SendDistance,555384524,555393596,9072
t2698,RecvInput,555547868,555547892,24
t2357,SendDistance,555599136,555608252,9116
t2699,RecvInput,555752956,555752980,24
t2358,SendDistance,555821320,555830396,9076
t2700,RecvInput,555958052,555958076,24
t2359,SendDistance,556043500,556052564,9064
t2701,RecvInput,556163124,556163152,28
t2360,SendDistance,556265664,556274736,9072
t2702,RecvInput,556368212,556368236,24
t2361,SendDistance,556487852,556496880,9028
t2703,RecvInput,556573312,556573336,24
t2362,SendDistance,556710028,556719048,9020
t2704,RecvInput,556778384,556778408,24
t2363,SendDistance,556932196,556941220,9024
t2705,RecvInput,556983476,556983500,24
t2706,RecvInput,557188580,557188604,24
t2364,SendDistance,557230288,557239360,9072
t2707,RecvInput,557393644,557393668,24
t2365,SendDistance,557444912,557453976,9064
t2708,RecvInput,557598724,557598752,28
t2366,SendDistance,557667084,557676172,9088
t2709,RecvInput,557803816,557803844,28
t2367,SendDistance,557889272,557898344,9072
t2710,RecvInput,558008900,558008928,28
t2368,SendDistance,558111440,558120528,9088
t2711,RecvInput,558213976,558214004,28
t2369,SendDistance,558333616,558342684,9068
t2712,RecvInput,558419076,558419100,24
t2370,SendDistance,558555800,558564920,9120
t2713,RecvInput,558624160,558624184,24
t2371,SendDistance,558777968,558787064,9096
t2714,RecvInput,558829236,558829260,24
t2715,RecvInput,559034336,559034364,28
t2372,SendDistance,559076056,559085152,9096
t2716,RecvInput,559239420,559239444,24
t2373,SendDistance,559290684,559299784,9100
t2717,RecvInput,559444492,559444516,24
t2374,SendDistance,559512856,559521928,9072
t2718,RecvInput,559649588,559649616,28
t2375,SendDistance,559735048,559744316,9268
t2719,RecvInput,559854676,559854704,28
t2376,SendDistance,559957216,560061920,104704
t2720,RecvInput,560059736,560059764,28
t2721,RecvInput,560316108,560316136,28
t2377,SendDistance,560357816,560365952,8136
t2722,RecvInput,560521188,560521220,32
t2378,SendDistance,560572456,560581584,9128
t2723,RecvInput,560726264,560726292,28
t2379,SendDistance,560794636,560803792,9156
t2724,RecvInput,560931360,560931388,28
t2380,SendDistance,561016816,561026012,9196
t2725,RecvInput,561136448,561136472,24
t2381,SendDistance,561238984,561343708,104724
t2726,RecvInput,561341508,561341532,24
t2727,RecvInput,561597880,561597904,24
t2382,SendDistance,561639588,561647556,7968
t2728,RecvInput,561802960,561802984,24
t2383,SendDistance,561854224,561863332,9108
t2729,RecvInput,562008032,562008060,28
t2384,SendDistance,562076396,562085552,9156
t2730,RecvInput,562213128,562213152,24
t2385,SendDistance,562298584,562403300,104716
t2731,RecvInput,562418204,562418228,24
t2732,RecvInput,562657468,562657496,28
t2386,SendDistance,562699180,562708344,9164
t2733,RecvInput,562862556,562862584,28
t2387,SendDistance,562913832,562923116,9284
t2734,RecvInput,563067648,563067676,28
t2388,SendDistance,563136004,563145312,9308
t2735,RecvInput,563272728,563272752,24
t2389,SendDistance,563358176,563367456,9280
t2736,RecvInput,563477816,563477840,24
t2390,SendDistance,563580364,563589704,9340
t2737,RecvInput,563682904,563682928,24
t2391,SendDistance,563802532,563811928,9396
t2738,RecvInput,563887976,563888004,28
t2392,SendDistance,564024700,564034096,9396
t2739,RecvInput,564093068,564093092,24
t2393,SendDistance,564246888,564256228,9340
t2740,RecvInput,564298156,564298180,24
t2741,RecvInput,564503244,564503268,24
t2394,SendDistance,564544948,564554332,9384
t2742,RecvInput,564708316,564708340,24
t2395,SendDistance,564759592,564864304,104712
t2743,RecvInput,564913408,564913436,28
t2396,SendDistance,565067216,565075320,8104
t2744,RecvInput,565118480,565118508,28
t2745,RecvInput,565323572,565323600,28
t2397,SendDistance,565365284,565470012,104728
t2746,RecvInput,565528664,565528688,24
t2398,SendDistance,565682472,565689932,7460
t2747,RecvInput,565733736,565733760,24
t2748,RecvInput,565938828,565938852,24
t2399,SendDistance,565980536,566085264,104728
t2749,RecvInput,566143916,566143940,24
t2400,SendDistance,566297724,566306756,9032
t2750,RecvInput,566348992,566349016,24
t2751,RecvInput,566554080,566554108,28
t2401,SendDistance,566595788,566605040,9252
t2752,RecvInput,566759164,566759188,24
t2402,SendDistance,566810440,566819696,9256
t2753,RecvInput,566964252,566964276,24
t2403,SendDistance,567032600,567042024,9424
t2754,RecvInput,567169320,567169344,24
t2404,SendDistance,567254776,567263868,9092
t2755,RecvInput,567374412,567374440,28
t2405,SendDistance,567476960,567486040,9080
t2756,RecvInput,567579496,567579520,24
t2406,SendDistance,567699120,567708220,9100
t2757,RecvInput,567784568,567784592,24
t2758,RecvInput,567989660,567989688,28
t2407,SendDistance,567921296,568067736,146440
t2759,RecvInput,568194748,568194776,28
t2408,SendDistance,568280196,568289296,9100
t2760,RecvInput,568399824,568399848,24
t2409,SendDistance,568502364,568511452,9088
t2761,RecvInput,568604916,568604940,24
t2410,SendDistance,568724552,568733636,9084
t2762,RecvInput,568810000,568810024,24
t2411,SendDistance,568946724,568955804,9080
t2763,RecvInput,569015072,569015096,24
t2412,SendDistance,569168884,569178028,9144
t2764,RecvInput,569220160,569220188,28
t2765,RecvInput,569425260,569425288,28
t2413,SendDistance,569466968,569476080,9112
t2766,RecvInput,569630324,569630348,24
t2414,SendDistance,569681588,569690708,9120
t2767,RecvInput,569835408,569835432,24
t2415,SendDistance,569903772,570008480,104708
t2768,RecvInput,570040496,570040524,28
t2769,RecvInput,570262676,570262700,24
t2416,SendDistance,570304388,570313032,8644
t2770,RecvInput,570467748,570467772,24
t2417,SendDistance,570519020,570527816,8796
t2771,RecvInput,570672840,570672864,24
t2418,SendDistance,570741196,570749896,8700
t2772,RecvInput,570877912,570877940,28
t2419,SendDistance,570963360,571068072,104712
t2773,RecvInput,571083004,571083028,24
t2774,RecvInput,571322288,571322312,24
t2420,SendDistance,571363992,571373728,9736
t2775,RecvInput,571527348,571527376,28
t2421,SendDistance,571578612,571589292,10680
t2776,RecvInput,571732428,571732452,24
t2422,SendDistance,571800792,571825724,24932
t2777,RecvInput,571937524,571937548,24
t2423,SendDistance,572040064,572051468,11404
t2778,RecvInput,572142604,572142632,28
t2424,SendDistance,572262228,572275160,12932
t2779,RecvInput,572347684,572347712,28
t2425,SendDistance,572484412,572497708,13296
t2780,RecvInput,572552780,572552804,24
t2426,SendDistance,572706588,572720604,14016
t2781,RecvInput,572757852,572757880,28
t2782,RecvInput,572980036,572980060,24
t2427,SendDistance,573021740,573126464,104724
t2783,RecvInput,573185124,573185152,28
t2428,SendDistance,573338936,573352080,13144
t2784,RecvInput,573390200,573390224,24
t2785,RecvInput,573612384,573612408,24
t2429,SendDistance,573654084,573668136,14052
t2786,RecvInput,573817468,573817492,24
t2430,SendDistance,573885828,573900968,15140
t2787,RecvInput,574022548,574022572,24
t2431,SendDistance,574107996,574212708,104712
t2788,RecvInput,574227620,574227648,28
t2789,RecvInput,574466908,574466932,24
t2432,SendDistance,574508616,574522796,14180
t2790,RecvInput,574671972,574672000,28
t2433,SendDistance,574740332,574754860,14528
t2791,RecvInput,574877048,574877076,28
t2434,SendDistance,574962508,575067224,104716
t2792,RecvInput,575082152,575082176,24
t2793,RecvInput,575321424,575321448,24
t2435,SendDistance,575363132,575379104,15972
t2794,RecvInput,575526492,575526516,24
t2436,SendDistance,575594856,575609844,14988
t2795,RecvInput,575731588,575731612,24
t2437,SendDistance,575817040,575921752,104712
t2796,RecvInput,575936652,575936676,24
t2797,RecvInput,576175920,576175944,24
t2438,SendDistance,576217632,576231164,13532
t2798,RecvInput,576381008,576381036,28
t2439,SendDistance,576449368,576460824,11456
t2799,RecvInput,576586088,576586112,24
t2440,SendDistance,576671536,576681928,10392
t2800,RecvInput,576791168,576791192,24
t2441,SendDistance,576893712,576903212,9500
t2801,RecvInput,576996264,576996292,28
t2442,SendDistance,577115900,577124760,8860
t2802,RecvInput,577201344,577201372,28
t2443,SendDistance,577338064,577346384,8320
t2803,RecvInput,577406428,577406456,28
t2444,SendDistance,577560248,577568164,7916
t2804,RecvInput,577611524,577611552,28
t2805,RecvInput,577816624,577816652,28
t2445,SendDistance,577858340,577865900,7560
t2806,RecvInput,578021680,578021708,28
t17,SendWeatherData,577987504,578065640,78136
t2446,SendDistance,578072960,578119856,46896
t2807,RecvInput,578226776,578226800,24
t2447,SendDistance,578329320,578336620,7300
t2808,RecvInput,578431856,578431880,24
t2448,SendDistance,578551484,578558568,7084
t2809,RecvInput,578636932,578636956,24
t2449,SendDistance,578773660,578780752,7092
t2810,RecvInput,578842028,578842052,24
t2450,SendDistance,578995844,579002880,7036
t2811,RecvInput,579047108,579047132,24
t2812,RecvInput,579252196,579252220,24
t2451,SendDistance,579293916,579398640,104724
t2813,RecvInput,579457280,579457308,28
t2452,SendDistance,579611100,579617952,6852
t2814,RecvInput,579662368,579662392,24
t2815,RecvInput,579867456,579867484,28
t2453,SendDistance,579909164,579915976,6812
t2816,RecvInput,580072528,580072556,28
t2454,SendDistance,580123804,580130708,6904
t2817,RecvInput,580277628,580277652,24
t2455,SendDistance,580345984,580352892,6908
t2818,RecvInput,580482700,580482724,24
t2456,SendDistance,580568148,580575036,6888
t2819,RecvInput,580687788,580687816,28
t2457,SendDistance,580790340,580797284,6944
t2820,RecvInput,580892888,580892912,24
t2458,SendDistance,581012520,581019480,6960
t2821,RecvInput,581097964,581097988,24
t2459,SendDistance,581234684,581241652,6968
t2822,RecvInput,581303052,581303076,24
t2460,SendDistance,581456872,581463848,6976
t2823,RecvInput,581508148,581508176,28
t2824,RecvInput,581713240,581713264,24
t2461,SendDistance,581754944,581761924,6980
t2825,RecvInput,581918304,581918328,24
t2462,SendDistance,581969580,581976568,6988
t2826,RecvInput,582123400,582123428,28
t2463,SendDistance,582191764,582198776,7012
t2827,RecvInput,582328484,582328508,24
t2464,SendDistance,582413932,582420944,7012
t2828,RecvInput,582533556,582533584,28
t2465,SendDistance,582636104,582643116,7012
t2829,RecvInput,582738656,582738680,24
t2466,SendDistance,582858292,582865312,7020
t2830,RecvInput,582943740,582943772,32
t2467,SendDistance,583080460,583087496,7036
t2831,RecvInput,583148820,583148848,28
t2468,SendDistance,583302640,583309692,7052
t2832,RecvInput,583353920,583353948,28
t2833,RecvInput,583559020,583559044,24
t2469,SendDistance,583600724,583607768,7044
t2834,RecvInput,583764084,583764108,24
t2470,SendDistance,583815360,583822396,7036
t2835,RecvInput,583969180,583969204,24
t2471,SendDistance,584037548,584044620,7072
t2836,RecvInput,584174272,584174300,28
t2472,SendDistance,584259720,584266724,7004
t2837,RecvInput,584379348,584379372,24
t2473,SendDistance,584481896,584488932,7036
t2838,RecvInput,584584448,584584472,24
t2474,SendDistance,584704088,584711104,7016
t2839,RecvInput,584789536,584789560,24
t2475,SendDistance,584926252,584933300,7048
t2840,RecvInput,584994612,584994636,24
t2476,SendDistance,585148428,585155456,7028
t2841,RecvInput,585199700,585199724,24
t2842,RecvInput,585404800,585404828,28
t2477,SendDistance,585446516,585453548,7032
t2843,RecvInput,585609864,585609892,28
t2478,SendDistance,585661132,585668152,7020
t2844,RecvInput,585814952,585814976,24
t2479,SendDistance,585883316,585890372,7056
t2845,RecvInput,586020048,586020072,24
t2480,SendDistance,586105496,586112528,7032
t2846,RecvInput,586225120,586225148,28
t2481,SendDistance,586327660,586334724,7064
t2847,RecvInput,586430212,586430236,24
t2482,SendDistance,586549848,586556884,7036
t2848,RecvInput,586635308,586635336,28
t2483,SendDistance,586772028,586779064,7036
t2849,RecvInput,586840388,586840412,24
t2484,SendDistance,586994196,587001260,7064
t2850,RecvInput,587045472,587045500,28
t2851,RecvInput,587250576,587250600,24
t2485,SendDistance,587292280,587299352,7072
t2852,RecvInput,587455644,587455668,24
t2486,SendDistance,587506912,587514008,7096
t2853,RecvInput,587660720,587660748,28
t2487,SendDistance,587729088,587736164,7076
t2854,RecvInput,587865820,587865844,24
t2488,SendDistance,587951276,587958372,7096
t2855,RecvInput,588070904,588070936,32
t2489,SendDistance,588173444,588180516,7072
t2856,RecvInput,588275984,588276008,24
t2490,SendDistance,588395620,588402712,7092
t2857,RecvInput,588481080,588481108,28
t2491,SendDistance,588617808,588624908,7100
t2858,RecvInput,588686168,588686192,24
t2492,SendDistance,588839976,588847052,7076
t2859,RecvInput,588891248,588891272,24
t2860,RecvInput,589096348,589096372,24
t2493,SendDistance,589138060,589145116,7056
t2861,RecvInput,589301428,589301456,28
t2494,SendDistance,589352696,589457404,104708
t2862,RecvInput,589506484,589506508,24
t2495,SendDistance,589660300,589667940,7640
t2863,RecvInput,589711576,589711604,28
t2864,RecvInput,589916676,589916700,24
t2496,SendDistance,589958388,589966472,8084
t2865,RecvInput,590121740,590121764,24
t2497,SendDistance,590173012,590180800,7788
t2866,RecvInput,590326832,590326856,24
t2498,SendDistance,590395196,590402984,7788
t2867,RecvInput,590531928,590531952,24
t2499,SendDistance,590617376,590625116,7740
t2868,RecvInput,590737004,590737028,24
t2500,SendDistance,590839544,590847336,7792
t2869,RecvInput,590942092,590942120,28
t2870,RecvInput,591147180,591147204,24
t2501,SendDistance,591061732,591208192,146460
t2871,RecvInput,591352252,591352276,24
t2502,SendDistance,591420608,591428504,7896
t2872,RecvInput,591557336,591557364,28
t2503,SendDistance,591642792,591747496,104704
t2873,RecvInput,591762440,591762464,24
t2874,RecvInput,592001700,592001728,28
t2504,SendDistance,592043404,592051308,7904
t2875,RecvInput,592206776,592206804,28
t2505,SendDistance,592258056,592266132,8076
t2876,RecvInput,592411872,592411900,28
t2506,SendDistance,592480232,592488380,8148
t2877,RecvInput,592616948,592616972,24
t2507,SendDistance,592702396,592807112,104716
t2878,RecvInput,592822040,592822064,24
t2879,RecvInput,593061324,593061348,24
t2508,SendDistance,593103036,593110976,7940
t2880,RecvInput,593266392,593266416,24
t2509,SendDistance,593317660,593325436,7776
t2881,RecvInput,593471472,593471504,32
t2510,SendDistance,593539840,593547852,8012
t2882,RecvInput,593676572,593676596,24
t2511,SendDistance,593762020,593770012,7992
t2883,RecvInput,593881648,593881672,24
t2512,SendDistance,593984188,593992244,8056
t2884,RecvInput,594086740,594086764,24
t2885,RecvInput,594291836,594291864,28
t2513,SendDistance,594206380,594352840,146460
t2886,RecvInput,594496916,594496940,24
t2514,SendDistance,594565272,594573176,7904
t2887,RecvInput,594701992,594702016,24
t2515,SendDistance,594787448,594892156,104708
t2888,RecvInput,594907092,594907120,28
t2889,RecvInput,595146368,595146396,28
t2516,SendDistance,595188080,595196956,8876
t2890,RecvInput,595351436,595351460,24
t2517,SendDistance,595402712,595507420,104708
t2891,RecvInput,595556540,595556568,28
t2518,SendDistance,595710356,595721440,11084
t2892,RecvInput,595761620,595761648,28
t2893,RecvInput,595966712,595966740,28
t2519,SendDistance,596008416,596032608,24192
t2894,RecvInput,596171808,596171832,24
t2520,SendDistance,596240168,596264424,24256
t2895,RecvInput,596376884,596376908,24
t2521,SendDistance,596479420,596489768,10348
t2896,RecvInput,596581956,596581980,24
t2522,SendDistance,596701592,596725756,24164
t2897,RecvInput,596787052,596787076,24
t2523,SendDistance,596940868,596965032,24164
t2898,RecvInput,596992136,596992160,24
t2899,RecvInput,597214316,597214340,24
t2524,SendDistance,597256028,597280272,24244
t2900,RecvInput,597419404,597419428,24
t2525,SendDistance,597487772,597511880,24108
t2901,RecvInput,597624488,597624512,24
t2526,SendDistance,597727024,597831732,104708
t2902,RecvInput,597829552,597829576,24
t2903,RecvInput,598085932,598085956,24
t2527,SendDistance,598127644,598139244,11600
t2904,RecvInput,598291008,598291032,24
t2528,SendDistance,598342276,598367316,25040
t2905,RecvInput,598496080,598496104,24
t2529,SendDistance,598581536,598686248,104712
t2906,RecvInput,598701180,598701208,28
t2907,RecvInput,598940468,598940492,24
t2530,SendDistance,598982180,599006464,24284
t2908,RecvInput,599145528,599145556,28
t2531,SendDistance,599213896,599238904,25008
t2909,RecvInput,599350632,599350656,24
t2532,SendDistance,599453180,599557884,104704
t2910,RecvInput,599555708,599555732,24
t2911,RecvInput,599812064,599812092,28
t2533,SendDistance,599853780,599878020,24240
t2912,RecvInput,600017152,600017180,28
t2534,SendDistance,600085528,600109696,24168
t2913,RecvInput,600222240,600222264,24
t2535,SendDistance,600324776,600348948,24172
t2914,RecvInput,600427316,600427344,28
t2536,SendDistance,600564048,600588200,24152
t2915,RecvInput,600632420,600632444,24
t2916,RecvInput,600837520,600837544,24
t2537,SendDistance,600879232,600903424,24192
t2917,RecvInput,601042576,601042604,28
t2538,SendDistance,601110944,601135136,24192
t2918,RecvInput,601247676,601247704,28
t2539,SendDistance,601350224,601374412,24188
t2919,RecvInput,601452760,601452788,28
t2540,SendDistance,601589480,601613640,24160
t2920,RecvInput,601657836,601657860,24
t2921,RecvInput,601862940,601862964,24
t2541,SendDistance,601904644,602009372,104728
t2922,RecvInput,602068016,602068040,24
t2542,SendDistance,602221824,602234832,13008
t2923,RecvInput,602273092,602273116,24
t2924,RecvInput,602495284,602495308,24
t2543,SendDistance,602536996,602561220,24224
t2925,RecvInput,602700372,602700396,24
t2544,SendDistance,602768732,602792996,24264
t2926,RecvInput,602905448,602905472,24
t2545,SendDistance,603007988,603032184,24196
t2927,RecvInput,603110540,603110564,24
t2546,SendDistance,603247272,603271320,24048
t2928,RecvInput,603315628,603315656,28
t2929,RecvInput,603520720,603520748,28
t2547,SendDistance,603562432,603667156,104724
t2930,RecvInput,603725800,603725832,32
t2548,SendDistance,603879620,603892824,13204
t2931,RecvInput,603930892,603930916,24
t2932,RecvInput,604153072,604153096,24
t2549,SendDistance,604194776,604208140,13364
t2933,RecvInput,604358144,604358172,28
t2550,SendDistance,604426512,604450772,24260
t2934,RecvInput,604563240,604563268,28
t2551,SendDistance,604665780,604689996,24216
t2935,RecvInput,604768312,604768336,24
t2552,SendDistance,604905032,604929224,24192
t2936,RecvInput,604973404,604973428,24
t2937,RecvInput,605178504,605178528,24
t2553,SendDistance,605220216,605244436,24220
t2938,RecvInput,605383568,605383592,24
t2554,SendDistance,605451924,605465056,13132
t2939,RecvInput,605588644,605588668,24
t2555,SendDistance,605674104,605698292,24188
t2940,RecvInput,605793744,605793768,24
t2556,SendDistance,605913376,605937684,24308
t2941,RecvInput,605998824,605998848,24
t2557,SendDistance,606152632,606176848,24216
t2942,RecvInput,606203924,606203948,24
t2943,RecvInput,606426108,606426140,32
t2558,SendDistance,606467828,606492020,24192
t2944,RecvInput,606631176,606631200,24
t2559,SendDistance,606699540,606723756,24216
t2945,RecvInput,606836252,606836276,24
t2560,SendDistance,606938800,606950124,11324
t2946,RecvInput,607041352,607041376,24
t2561,SendDistance,607160992,607172216,11224
t2947,RecvInput,607246436,607246464,28
t2562,SendDistance,607383156,607407348,24192
t2948,RecvInput,607451520,607451544,24
t2949,RecvInput,607656624,607656648,24
t2563,SendDistance,607698328,607722520,24192
t2950,RecvInput,607861704,607861728,24
t2564,SendDistance,607930064,607941324,11260
t2951,RecvInput,608066780,608066804,24
t2565,SendDistance,608152240,608176456,24216
t2952,RecvInput,608271880,608271908,28
t2566,SendDistance,608391524,608415668,24144
t2953,RecvInput,608476968,608476992,24
t2567,SendDistance,608630776,608654920,24144
t2954,RecvInput,608682044,608682072,28
t2955,RecvInput,608904240,608904268,28
t2568,SendDistance,608945952,609050680,104728
t2956,RecvInput,609109316,609109344,28
t2569,SendDistance,609263128,609274540,11412
t2957,RecvInput,609314396,609314420,24
t2958,RecvInput,609519496,609519524,28
t2570,SendDistance,609561204,609665928,104724
t2959,RecvInput,609724576,609724604,28
t2571,SendDistance,609878388,609889580,11192
t2960,RecvInput,609929656,609929680,24
t18,SendWeatherData,610032196,610068512,36316
t2961,RecvInput,610134756,610134780,24
t2572,SendDistance,610176468,610281192,104724
t2962,RecvInput,610339848,610339872,24
t2573,SendDistance,610493648,610517844,24196
t2963,RecvInput,610544924,610544948,24
t2964,RecvInput,610767096,610767124,28
t2574,SendDistance,610808800,610913528,104728
t2965,RecvInput,610972188,610972212,24
t2575,SendDistance,611125996,611150164,24168
t2966,RecvInput,611177264,611177288,24
t2967,RecvInput,611399448,611399472,24
t2576,SendDistance,611441160,611545884,104724
t2968,RecvInput,611604540,611604564,24
t2577,SendDistance,611758348,611769576,11228
t2969,RecvInput,611809616,611809640,24
t2970,RecvInput,612014712,612014736,24
t2578,SendDistance,612056424,612080952,24528
t2971,RecvInput,612219800,612219824,24
t2579,SendDistance,612288156,612392860,104704
t2972,RecvInput,612424856,612424880,24
t2973,RecvInput,612647036,612647060,24
t2580,SendDistance,612688744,612699972,11228
t2974,RecvInput,612852124,612852148,24
t2581,SendDistance,612903392,612927604,24212
t2975,RecvInput,613057196,613057224,28
t2582,SendDistance,613142648,613166908,24260
t2976,RecvInput,613262284,613262312,28
t2583,SendDistance,613381924,613406952,25028
t2977,RecvInput,613467388,613467412,24
t2584,SendDistance,613621204,613645488,24284
t2978,RecvInput,613672468,613672492,24
t2979,RecvInput,613894648,613894676,28
t2585,SendDistance,613936352,613960468,24116
t2980,RecvInput,614099740,614099768,28
t2586,SendDistance,614168108,614192244,24136
t2981,RecvInput,614304820,614304848,28
t2587,SendDistance,614407356,614431496,24140
t2982,RecvInput,614509896,614509920,24
t2588,SendDistance,614646624,614670708,24084
t2983,RecvInput,614714996,614715020,24
t2984,RecvInput,614920096,614920120,24
t2589,SendDistance,614961808,614986012,24204
t2985,RecvInput,615125160,615125184,24
t2590,SendDistance,615193524,615217788,24264
t2986,RecvInput,615330260,615330288,28
t2591,SendDistance,615432808,615537524,104716
t2987,RecvInput,615535336,615535364,28
t2988,RecvInput,615791700,615791724,24
t2592,SendDistance,615833404,615851328,17924
t2989,RecvInput,615996792,615996816,24
t2593,SendDistance,616065160,616169868,104708
t2990,RecvInput,616201868,616201892,24
t2991,RecvInput,616424048,616424072,24
t2594,SendDistance,616465752,616570476,104724
t2992,RecvInput,616629144,616629168,24
t2595,SendDistance,616782964,616807168,24204
t2993,RecvInput,616834240,616834264,24
t2994,RecvInput,617056412,617056440,28
t2596,SendDistance,617098124,617202848,104724
t2995,RecvInput,617261508,617261536,28
t2597,SendDistance,617415328,617439512,24184
t2996,RecvInput,617466600,617466628,28
t2997,RecvInput,617688776,617688800,24
t2598,SendDistance,617730480,617754776,24296
t2998,RecvInput,617893868,617893900,32
t2599,SendDistance,617962236,617986372,24136
t2999,RecvInput,618098956,618098980,24
t2600,SendDistance,618201492,618226508,25016
t3000,RecvInput,618304028,618304056,28
t2601,SendDistance,618440760,618464992,24232
t3001,RecvInput,618509132,618509156,24
t3002,RecvInput,618714232,618714260,28
t2602,SendDistance,618755948,618860672,104724
t3003,RecvInput,618919284,618919308,24
t2603,SendDistance,619073104,619097312,24208
t3004,RecvInput,619124388,619124416,28
t3005,RecvInput,619346576,619346604,28
t2604,SendDistance,619388280,619412488,24208
t3006,RecvInput,619551644,619551672,28
t2605,SendDistance,619620008,619724720,104712
t3007,RecvInput,619756744,619756768,24
t3008,RecvInput,619978936,619978960,24
t2606,SendDistance,620020640,620044804,24164
t3009,RecvInput,620183996,620184024,28
t2607,SendDistance,620252356,620276596,24240
t3010,RecvInput,620389092,620389120,28
t2608,SendDistance,620491640,620515808,24168
t3011,RecvInput,620594192,620594216,24
t2609,SendDistance,620730904,620755072,24168
t3012,RecvInput,620799260,620799284,24
t3013,RecvInput,621004352,621004376,24
t2610,SendDistance,621046068,621070256,24188
t3014,RecvInput,621209440,621209464,24
t2611,SendDistance,621277800,621302008,24208
t3015,RecvInput,621414512,621414536,24
t2612,SendDistance,621517052,621541236,24184
t3016,RecvInput,621619604,621619628,24
t2613,SendDistance,621756332,621780524,24192
t3017,RecvInput,621824700,621824724,24
t3018,RecvInput,622029792,622029820,28
t2614,SendDistance,622071508,622095736,24228
t3019,RecvInput,622234860,622234888,28
t2615,SendDistance,622303228,622327476,24248
t3020,RecvInput,622439968,622439992,24
t2616,SendDistance,622542508,622647224,104716
t3021,RecvInput,622645036,622645064,28
t3022,RecvInput,622901396,622901424,28
t2617,SendDistance,622943104,622967360,24256
t3023,RecvInput,623106492,623106516,24
t2618,SendDistance,623174848,623199032,24184
t3024,RecvInput,623311564,623311592,28
t2619,SendDistance,623414108,623438324,24216
t3025,RecvInput,623516660,623516692,32
t2620,SendDistance,623653392,623677604,24212
t3026,RecvInput,623721764,623721788,24
t3027,RecvInput,623926856,623926880,24
t2621,SendDistance,623968556,623992776,24220
t3028,RecvInput,624131920,624131944,24
t2622,SendDistance,624200288,624224500,24212
t3029,RecvInput,624337020,624337044,24
t2623,SendDistance,624439564,624463752,24188
t3030,RecvInput,624542100,624542128,28
t3031,RecvInput,624747188,624747212,24
t2624,SendDistance,624678820,624825268,146448
t3032,RecvInput,624952288,624952316,28
t2625,SendDistance,625037748,625061932,24184
t3033,RecvInput,625157376,625157400,24
t2626,SendDistance,625277004,625301184,24180
t3034,RecvInput,625362456,625362480,24
t2627,SendDistance,625516272,625540360,24088
t3035,RecvInput,625567552,625567576,24
t3036,RecvInput,625789744,625789768,24
t2628,SendDistance,625831456,625855648,24192
t3037,RecvInput,625994804,625994828,24
t2629,SendDistance,626063168,626087296,24128
t3038,RecvInput,626199900,626199928,28
t2630,SendDistance,626302448,626326640,24192
t3039,RecvInput,626404984,626405008,24
t2631,SendDistance,626541700,626565916,24216
t3040,RecvInput,626610056,626610084,28
t3041,RecvInput,626815160,626815184,24
t2632,SendDistance,626856872,626881036,24164
t3042,RecvInput,627020236,627020264,28
t2633,SendDistance,627088592,627112776,24184
t3043,RecvInput,627225304,627225332,28
t2634,SendDistance,627327848,627352116,24268
t3044,RecvInput,627430396,627430428,32
t2635,SendDistance,627567128,627591316,24188
t3045,RecvInput,627635480,627635508,28
t3046,RecvInput,627840572,627840596,24
t2636,SendDistance,627882284,627987012,104728
t3047,RecvInput,628045652,628045676,24
t2637,SendDistance,628199468,628208220,8752
t3048,RecvInput,628250736,628250764,28
t3049,RecvInput,628455828,628455852,24
t2638,SendDistance,628497536,628521648,24112
t3050,RecvInput,628660900,628660928,28
t2639,SendDistance,628729268,628753480,24212
t3051,RecvInput,628866004,628866028,24
t2640,SendDistance,628968544,628992704,24160
t3052,RecvInput,629071076,629071104,28
t2641,SendDistance,629207800,629232008,24208
t3053,RecvInput,629276168,629276196,28
t3054,RecvInput,629481272,629481296,24
